0.8714,4.9908,8.35,5.35
1.2808,4.996,0.05,5.5
2.1922,4.9781,8.4,5.35
3.3443,4.9819,0.1,5.5
3.829,4.9768,8.45,5.3
5.2705,4.9885,8.5,5.3
5.4064,4.978,0.15,5.55
6.5329,4.9999,8.55,5.3
7.5179,4.9926,0.2,5.55
7.7953,4.9887,8.6,5.3
8.9357,4.9778,8.65,5.3
9.5005,4.9928,0.25,5.55
10.1778,4.9745,8.7,5.25
11.2001,4.9847,8.75,5.25
11.483,4.9782,0.3,5.55
12.2224,4.9948,8.8,5.25
13.4016,4.9953,8.85,5.25
13.5689,4.9822,0.35,5.6
14.5809,4.9854,8.9,5.25
15.5666,4.9757,8.95,5.25
15.7043,4.9973,0.4,5.6
16.6541,4.9752,9.0,5.2
17.6174,4.9844,9.05,5.2
17.8689,4.9885,0.45,5.6
18.5807,4.9936,9.1,5.2
19.6077,4.9974,9.15,5.2
20.0335,4.9743,0.5,5.6
20.6347,4.9885,9.2,5.2
21.5062,4.9804,9.25,5.2
22.0378,4.987,0.55,5.65
22.3777,4.9723,9.3,5.2
23.2941,4.976,9.35,5.15
24.0963,4.9983,0.6,5.65
24.1543,4.9836,9.4,5.15
24.9499,4.9911,9.45,5.15
25.7455,4.9985,9.5,5.15
26.3286,4.9832,0.65,5.65
26.4527,4.9943,9.55,5.15
27.16,4.9872,9.6,5.15
27.8413,4.9807,9.65,5.15
28.5064,4.9785,0.7,5.7
28.5227,4.9742,9.7,5.15
29.2722,4.9729,9.75,5.1
29.9657,4.9794,9.8,5.1
30.6954,4.9932,0.75,5.7
30.7392,4.9855,9.85,5.1
31.5127,4.9915,9.9,5.1
32.8844,4.992,0.8,5.7
35.1503,4.9766,0.85,5.7
37.347,4.987,0.9,5.75
39.4437,4.9974,0.95,5.75
41.5404,4.9818,1.0,5.75
43.6212,4.9828,1.05,5.8
45.7712,4.9991,1.1,5.8
48.0674,4.9852,1.15,5.8
50.3048,4.9791,1.2,5.85
52.5925,4.9953,1.25,5.85
54.8802,4.9885,1.3,5.85
57.0849,4.976,1.35,5.9
59.3484,4.9917,1.4,5.9
61.8007,4.9923,1.45,5.9
64.2529,4.9764,1.5,5.9
66.7032,4.9891,1.55,5.95
69.09,4.9948,1.6,5.95
71.4635,4.9783,1.65,5.95
73.9004,4.9875,1.7,6.0
76.2756,4.997,1.75,6.0
78.6508,4.9815,1.8,6.0
80.9259,4.9843,1.85,6.05
83.207,5.0,1.9,6.05
85.534,4.9856,1.95,6.05
87.855,4.979,2.0,6.1
90.1782,4.9934,2.05,6.1
92.5015,4.9922,2.1,6.1
94.8067,4.9786,2.15,6.1
97.0945,4.9856,2.2,6.15
99.4172,4.9979,2.25,6.15
101.7399,4.9898,2.3,6.15
103.98,4.9781,2.35,6.15
106.2027,4.9842,2.4,6.2
108.4745,4.9948,2.45,6.2
110.7462,4.9945,2.5,6.2
113.1247,4.9849,2.55,6.2
115.5848,4.9768,2.6,6.25
117.7982,4.9848,2.65,6.25
120.0117,4.9929,2.7,6.25
122.168,4.9998,2.75,6.25
124.3243,4.9933,2.8,6.25
126.6569,4.9881,2.85,6.25
128.9895,4.983,2.9,6.25
131.3116,4.9785,2.95,6.25
133.7152,4.978,3.0,6.3
136.0761,4.9804,3.05,6.3
138.4369,4.9827,3.1,6.3
140.7446,4.9844,3.15,6.3
143.0522,4.986,3.2,6.3
145.3939,4.986,3.25,6.3
147.7356,4.9859,3.3,6.3
150.0978,4.9848,3.35,6.3
152.46,4.9837,3.4,6.3
154.7008,4.9817,3.45,6.3
156.9417,4.9796,3.5,6.3
159.2489,4.9764,3.55,6.3
161.4746,4.9789,3.6,6.25
163.6535,4.9823,3.65,6.25
165.8325,4.9857,3.7,6.25
167.9952,4.9907,3.75,6.25
170.1579,4.9957,3.8,6.25
172.3969,4.9995,3.85,6.25
174.6359,4.9946,3.9,6.25
176.9566,4.9894,3.95,6.25
179.2773,4.9841,4.0,6.25
181.4653,4.9789,4.05,6.25
183.5717,4.9783,4.1,6.2
185.8577,4.9839,4.15,6.2
188.1438,4.9896,4.2,6.2
190.5919,4.9947,4.25,6.2
193.04,4.9999,4.3,6.2
195.3299,4.9948,4.35,6.2
197.6198,4.9896,4.4,6.2
199.8283,4.9849,4.45,6.2
202.0368,4.9801,4.5,6.2
204.2395,4.9757,4.55,6.2
206.4595,4.9794,4.6,6.15
208.6264,4.9836,4.65,6.15
210.7933,4.9879,4.7,6.15
213.0415,4.9925,4.75,6.15
215.2896,4.997,4.8,6.15
217.428,4.9992,4.85,6.15
219.5663,4.9955,4.9,6.15
221.767,4.9917,4.95,6.15
223.9676,4.988,5.0,6.15
226.3982,4.984,5.05,6.15
228.8289,4.9801,5.1,6.15
230.9722,4.9762,5.15,6.15
233.1329,4.9783,5.2,6.1
235.4959,4.9827,5.25,6.1
237.859,4.9871,5.3,6.1
240.0546,4.9918,5.35,6.1
242.2502,4.9965,5.4,6.1
244.2923,4.9981,5.45,6.1
246.3343,4.9928,5.5,6.1
248.485,4.9872,5.55,6.1
250.6356,4.9816,5.6,6.1
252.9767,4.9753,5.65,6.1
255.3238,4.981,5.7,6.05
257.7354,4.9887,5.75,6.05
260.147,4.9964,5.8,6.05
262.4021,4.9953,5.85,6.05
264.6573,4.9869,5.9,6.05
266.8471,4.9774,5.95,6.05
269.043,4.9822,6.0,6.0
271.3975,4.9927,6.05,6.0
273.752,4.9968,6.1,6.0
275.9513,4.9849,6.15,6.0
278.0872,4.9764,6.2,5.95
280.2159,4.9885,6.25,5.95
282.3446,4.9993,6.3,5.95
284.6889,4.986,6.35,5.95
286.9696,4.9767,6.4,5.9
289.1832,4.9909,6.45,5.9
291.3968,4.9949,6.5,5.9
293.6117,4.9802,6.55,5.9
295.8855,4.9833,6.6,5.85
298.0602,4.9992,6.65,5.85
300.2349,4.9848,6.7,5.85
302.439,4.9808,6.75,5.8
304.5842,4.9977,6.8,5.8
306.752,4.9854,6.85,5.8
308.9891,4.9798,6.9,5.75
311.1496,4.9972,6.95,5.75
313.3102,4.9854,7.0,5.75
315.4302,4.9801,7.05,5.7
317.4811,4.9972,7.1,5.7
319.5209,4.9851,7.15,5.7
321.615,4.9792,7.2,5.65
323.6312,4.9967,7.25,5.65
325.6474,4.9858,7.3,5.65
327.6324,4.9782,7.35,5.6
329.5631,4.9958,7.4,5.6
331.4551,4.9871,7.45,5.6
333.3967,4.9754,7.5,5.55
335.2923,4.9921,7.55,5.55
337.1879,4.9911,7.6,5.55
338.9835,4.9744,7.65,5.55
340.8287,4.9875,7.7,5.5
342.6022,4.9965,7.75,5.5
344.3758,4.9806,7.8,5.5
346.0197,4.9789,7.85,5.45
347.689,4.9943,7.9,5.45
349.1424,4.9905,7.95,5.45
350.5958,4.9754,8.0,5.45
352.0879,4.9833,8.05,5.4
353.6053,4.998,8.1,5.4
355.0827,4.9879,8.15,5.4
356.56,4.9739,8.2,5.4
358.1529,4.983,8.25,5.35
359.2172,4.9899,0.0,5.5
359.5506,4.9966,8.3,5.35
