0.1588,4.9932,8.3,6.0
0.5836,4.9777,0.1,6.0
1.3004,4.9902,8.35,6.0
2.4704,4.9944,0.15,6.0
2.4983,4.9757,8.4,5.95
3.5194,4.9915,8.45,5.95
4.3573,4.9888,0.2,6.0
4.5405,4.9926,8.5,5.95
5.62,4.9778,8.55,5.95
6.313,4.9776,0.25,6.05
6.7557,4.9862,8.6,5.9
7.6548,4.9989,8.65,5.9
8.2856,4.9942,0.3,6.05
8.5539,4.984,8.7,5.9
9.9074,4.9777,8.75,5.85
10.2363,4.9886,0.35,6.05
11.0751,4.9915,8.8,5.85
12.0956,4.9955,8.85,5.85
12.17,4.9786,0.4,6.1
13.116,4.9825,8.9,5.85
14.168,4.9956,0.45,6.1
14.196,4.9776,8.95,5.8
15.0901,4.9898,9.0,5.8
15.8854,4.9989,9.05,5.8
16.166,4.9874,0.5,6.1
16.6808,4.9877,9.1,5.8
17.5167,4.9768,9.15,5.8
18.0431,4.9819,0.55,6.15
18.5407,4.9812,9.2,5.75
19.3085,4.9912,9.25,5.75
19.9899,4.9997,0.6,6.15
20.0762,4.9988,9.3,5.75
20.9152,4.9889,9.35,5.75
21.7541,4.9791,9.4,5.75
21.865,4.9807,0.65,6.15
22.5805,4.9773,9.45,5.7
23.2187,4.9865,9.5,5.7
23.6704,4.9891,0.7,6.2
23.8317,4.9953,9.55,5.7
24.4447,4.9959,9.6,5.7
25.0228,4.9875,9.65,5.7
25.6009,4.9792,9.7,5.7
25.6863,4.9913,0.75,6.2
26.345,4.9742,9.75,5.65
26.9904,4.9821,9.8,5.65
27.5786,4.9802,0.8,6.25
27.5838,4.9897,9.85,5.65
28.1772,4.9974,9.9,5.65
29.4233,4.9998,0.85,6.25
31.2679,4.9798,0.9,6.25
33.2012,4.9929,0.95,6.3
35.2581,4.9864,1.0,6.3
37.0651,4.9869,1.05,6.35
38.8181,4.9921,1.1,6.35
40.7767,4.9821,1.15,6.4
42.6813,4.9959,1.2,6.4
44.6404,4.9789,1.25,6.45
46.5593,4.9989,1.3,6.45
48.4047,4.9765,1.35,6.45
50.2905,4.9987,1.4,6.5
52.1948,4.9779,1.45,6.5
53.6926,4.9981,1.5,6.55
55.5486,4.9805,1.55,6.55
56.9981,4.9936,1.6,6.6
58.886,4.9831,1.65,6.6
60.7434,4.9952,1.7,6.65
62.6398,4.9824,1.75,6.65
64.5057,4.9949,1.8,6.7
66.4679,4.9826,1.85,6.7
68.2878,4.9944,1.9,6.75
70.1855,4.9847,1.95,6.75
71.9408,4.9907,2.0,6.8
74.0033,4.9887,2.05,6.8
76.0058,4.9875,2.1,6.85
77.9165,4.9946,2.15,6.85
79.7673,4.9791,2.2,6.9
81.7533,4.9981,2.25,6.9
83.7393,4.9829,2.3,6.9
85.5331,4.9889,2.35,6.95
87.3887,4.9956,2.4,6.95
89.4788,4.9796,2.45,6.95
91.5069,4.9926,2.5,7.0
93.6356,4.9952,2.55,7.0
95.7642,4.983,2.6,7.0
97.6734,4.9825,2.65,7.05
99.6983,4.991,2.7,7.05
101.6828,4.9991,2.75,7.05
103.6674,4.9928,2.8,7.05
105.8095,4.9899,2.85,7.05
107.9516,4.9869,2.9,7.05
109.9734,4.9842,2.95,7.05
111.9952,4.9815,3.0,7.05
114.3273,4.982,3.05,7.05
116.6594,4.9825,3.1,7.05
118.7225,4.9858,3.15,7.05
120.7857,4.9891,3.2,7.05
122.7832,4.9941,3.25,7.05
124.7807,4.9991,3.3,7.05
126.8952,4.994,3.35,7.05
129.0098,4.9871,3.4,7.05
131.2153,4.9788,3.45,7.0
133.3051,4.9876,3.5,7.0
135.6489,4.9974,3.55,7.0
137.9928,4.9928,3.6,7.0
140.1895,4.9829,3.65,7.0
142.4482,4.9832,3.7,6.95
144.7441,4.9942,3.75,6.95
147.0399,4.9949,3.8,6.95
149.3355,4.9849,3.85,6.95
151.6931,4.9813,3.9,6.9
154.0685,4.991,3.95,6.9
156.444,4.9993,4.0,6.9
158.7669,4.9904,4.05,6.9
161.0898,4.9815,4.1,6.9
163.5856,4.9814,4.15,6.85
166.0213,4.9885,4.2,6.85
168.363,4.9938,4.25,6.85
170.7047,4.9991,4.3,6.85
173.1932,4.9966,4.35,6.85
175.6817,4.9923,4.4,6.85
178.0534,4.9902,4.45,6.85
180.4251,4.9881,4.5,6.85
182.9788,4.9877,4.55,6.85
185.5324,4.9872,4.6,6.85
188.0664,4.9883,4.65,6.85
190.6003,4.9894,4.7,6.85
193.0466,4.9913,4.75,6.85
195.493,4.9932,4.8,6.85
198.0924,4.9971,4.85,6.85
200.6918,4.999,4.9,6.85
203.2205,4.9948,4.95,6.85
205.7492,4.9906,5.0,6.85
208.3108,4.9852,5.05,6.85
210.8723,4.9799,5.1,6.85
213.2954,4.9806,5.15,6.9
215.7786,4.9852,5.2,6.9
218.3517,4.9906,5.25,6.9
220.9248,4.9959,5.3,6.9
223.5001,4.9996,5.35,6.9
226.0755,4.9951,5.4,6.9
228.8271,4.9912,5.45,6.9
231.5788,4.9873,5.5,6.9
234.2169,4.9851,5.55,6.9
236.855,4.983,5.6,6.9
239.6407,4.9822,5.65,6.9
242.4263,4.9815,5.7,6.9
245.2384,4.9828,5.75,6.9
248.0505,4.9842,5.8,6.9
250.6893,4.9864,5.85,6.9
253.328,4.9886,5.9,6.9
256.1624,4.9932,5.95,6.9
258.9969,4.9977,6.0,6.9
261.6078,4.995,6.05,6.9
264.2187,4.9877,6.1,6.9
267.0467,4.9788,6.15,6.9
269.9348,4.986,6.2,6.85
272.5866,4.9963,6.25,6.85
275.2384,4.9933,6.3,6.85
277.9499,4.9809,6.35,6.85
280.7214,4.9874,6.4,6.8
283.4517,4.9982,6.45,6.8
286.1819,4.9837,6.5,6.8
289.0169,4.987,6.55,6.75
291.7096,4.9966,6.6,6.75
294.4777,4.9786,6.65,6.75
297.388,4.9939,6.7,6.7
300.0218,4.9866,6.75,6.7
302.6862,4.9878,6.8,6.65
305.1312,4.9918,6.85,6.65
307.6068,4.9836,6.9,6.6
310.2138,4.9949,6.95,6.6
313.2272,4.9792,7.0,6.55
315.6662,4.999,7.05,6.55
318.1051,4.9773,7.1,6.55
320.8239,4.9978,7.15,6.5
323.1361,4.9798,7.2,6.5
325.1821,4.9953,7.25,6.45
327.2684,4.9823,7.3,6.45
329.2629,4.993,7.35,6.4
331.2978,4.9844,7.4,6.4
333.1759,4.9897,7.45,6.35
335.1081,4.9884,7.5,6.35
336.8546,4.9859,7.55,6.3
338.6552,4.9919,7.6,6.3
340.4807,4.9823,7.65,6.25
342.1826,4.9954,7.7,6.25
343.9766,4.9778,7.75,6.2
345.647,4.999,7.8,6.2
347.2897,4.9806,7.85,6.2
349.0021,4.9908,7.9,6.15
350.4688,4.9893,7.95,6.15
352.0052,4.9815,8.0,6.1
353.4679,4.9987,8.05,6.1
354.9306,4.9789,8.1,6.1
356.3047,4.9894,8.15,6.05
356.6762,4.9995,0.0,5.95
357.6619,4.9922,8.2,6.05
358.658,4.9855,0.05,5.95
358.9188,4.9754,8.25,6.0
