0.972,4.9755,8.35,5.85
1.6263,4.991,0.1,5.95
2.4797,4.9899,8.4,5.85
3.7412,4.9963,8.45,5.85
3.7517,4.9932,0.15,5.95
5.0027,4.9824,8.5,5.85
5.877,4.9774,0.2,5.95
6.487,4.9793,8.55,5.8
7.7462,4.9928,8.6,5.8
7.9169,4.9873,0.25,6.0
8.8615,4.9946,8.65,5.8
9.9767,4.982,8.7,5.8
10.0469,4.9975,0.3,6.0
11.1343,4.9773,8.75,5.75
12.1497,4.9819,0.35,6.0
12.218,4.9896,8.8,5.75
13.3613,4.9989,8.85,5.75
14.1899,4.9831,0.4,6.05
14.5046,4.9874,8.9,5.75
15.5086,4.9768,8.95,5.75
16.3514,4.9991,0.45,6.05
16.5863,4.9808,9.0,5.7
17.6163,4.9911,9.05,5.7
18.513,4.9848,0.5,6.05
18.6464,4.9985,9.1,5.7
19.5454,4.9892,9.15,5.7
20.4445,4.9799,9.2,5.7
20.6229,4.9814,0.55,6.1
21.3098,4.9742,9.25,5.65
22.0777,4.9832,9.3,5.65
22.7954,4.9983,0.6,6.1
23.0373,4.9918,9.35,5.65
23.997,4.9996,9.4,5.65
24.865,4.9915,9.45,5.65
24.8797,4.9851,0.65,6.1
25.733,4.9833,9.5,5.65
26.4804,4.9758,9.55,5.65
26.8988,4.9822,0.7,6.15
27.3254,4.9769,9.6,5.6
28.008,4.9843,9.65,5.6
28.6907,4.9917,9.7,5.6
29.0544,4.9997,0.75,6.15
29.4468,4.9991,9.75,5.6
30.2029,4.9935,9.8,5.6
30.8176,4.9869,9.85,5.6
31.2099,4.9829,0.8,6.15
31.4323,4.9803,9.9,5.6
33.1977,4.9856,0.85,6.2
35.2507,4.9966,0.9,6.2
37.3759,4.9789,0.95,6.2
39.451,4.9906,1.0,6.25
41.6375,4.991,1.05,6.25
43.7738,4.9793,1.1,6.3
45.8998,4.9969,1.15,6.3
48.0258,4.9855,1.2,6.3
50.1036,4.9852,1.25,6.35
52.3477,4.9966,1.3,6.35
54.6611,4.9784,1.35,6.35
56.8081,4.9921,1.4,6.4
59.0618,4.9896,1.45,6.4
61.3015,4.9812,1.5,6.45
63.5158,4.9995,1.55,6.45
65.7302,4.9803,1.6,6.45
67.7818,4.9908,1.65,6.5
69.8474,4.9907,1.7,6.5
71.9615,4.9811,1.75,6.55
74.0267,4.9995,1.8,6.55
76.146,4.9828,1.85,6.55
78.3143,4.9882,1.9,6.6
80.4225,4.9942,1.95,6.6
82.5128,4.9784,2.0,6.65
84.7238,4.995,2.05,6.65
86.9347,4.9884,2.1,6.65
89.2402,4.982,2.15,6.7
91.5636,4.9975,2.2,6.7
93.7272,4.9879,2.25,6.7
95.7607,4.9812,2.3,6.75
97.9882,4.9945,2.35,6.75
100.2157,4.9922,2.4,6.75
102.4611,4.9802,2.45,6.75
104.5766,4.9865,2.5,6.8
106.6253,4.997,2.55,6.8
108.674,4.9924,2.6,6.8
110.7145,4.9832,2.65,6.8
112.6692,4.9824,2.7,6.85
114.8812,4.99,2.75,6.85
117.0932,4.9975,2.8,6.85
119.3532,4.9972,2.85,6.85
121.6132,4.992,2.9,6.85
123.7534,4.9881,2.95,6.85
125.8937,4.9842,3.0,6.85
128.0706,4.9821,3.05,6.85
130.2475,4.98,3.1,6.85
132.4584,4.9797,3.15,6.85
134.6694,4.9794,3.2,6.85
136.8312,4.9804,3.25,6.85
138.993,4.9814,3.3,6.85
141.2571,4.984,3.35,6.85
143.5212,4.9866,3.4,6.85
145.6799,4.9906,3.45,6.85
147.8386,4.9945,3.5,6.85
150.1298,4.9995,3.55,6.85
152.421,4.9956,3.6,6.85
154.6901,4.9905,3.65,6.85
156.9593,4.9854,3.7,6.85
159.1385,4.9792,3.75,6.85
161.4035,4.9834,3.8,6.8
163.6506,4.9902,3.85,6.8
165.8976,4.997,3.9,6.8
168.0335,4.997,3.95,6.8
170.1694,4.991,4.0,6.8
172.4528,4.9846,4.05,6.8
174.7363,4.9783,4.1,6.8
177.2072,4.9821,4.15,6.75
179.5481,4.9879,4.2,6.75
181.8196,4.9934,4.25,6.75
184.091,4.9988,4.3,6.75
186.4128,4.9968,4.35,6.75
188.7345,4.9924,4.4,6.75
190.9564,4.989,4.45,6.75
193.1782,4.9855,4.5,6.75
195.568,4.9829,4.55,6.75
197.9578,4.9802,4.6,6.75
200.274,4.9779,4.65,6.75
202.7202,4.979,4.7,6.7
204.959,4.9806,4.75,6.7
207.1978,4.9823,4.8,6.7
209.5055,4.9831,4.85,6.7
211.8131,4.9839,4.9,6.7
214.1313,4.9839,4.95,6.7
216.4496,4.984,5.0,6.7
218.6977,4.9844,5.05,6.7
220.9458,4.9848,5.1,6.7
223.2301,4.9849,5.15,6.7
225.5144,4.9851,5.2,6.7
227.8733,4.9854,5.25,6.7
230.2323,4.9858,5.3,6.7
232.4545,4.9864,5.35,6.7
234.6768,4.987,5.4,6.7
236.9889,4.9885,5.45,6.7
239.3009,4.99,5.5,6.7
241.6834,4.9921,5.55,6.7
244.0659,4.9943,5.6,6.7
246.537,4.9976,5.65,6.7
249.008,4.9992,5.7,6.7
251.355,4.9951,5.75,6.7
253.7019,4.9911,5.8,6.7
255.964,4.9857,5.85,6.7
258.2261,4.9803,5.9,6.7
260.6541,4.9813,5.95,6.65
263.0642,4.988,6.0,6.65
265.3086,4.996,6.05,6.65
267.553,4.9959,6.1,6.65
269.8446,4.9858,6.15,6.65
272.1541,4.9792,6.2,6.6
274.6206,4.9904,6.25,6.6
277.0871,4.9985,6.3,6.6
279.3949,4.9857,6.35,6.6
281.6537,4.9804,6.4,6.55
284.03,4.9943,6.45,6.55
286.4063,4.9917,6.5,6.55
288.7119,4.9768,6.55,6.5
291.0664,4.992,6.6,6.5
293.3235,4.9918,6.65,6.5
295.5946,4.9769,6.7,6.45
298.0096,4.9941,6.75,6.45
300.4246,4.9888,6.8,6.45
302.7118,4.9814,6.85,6.4
304.9849,4.9991,6.9,6.4
307.3042,4.9827,6.95,6.4
309.7898,4.9878,7.0,6.35
311.9602,4.9936,7.05,6.35
314.297,4.9774,7.1,6.3
316.5615,4.9968,7.15,6.3
318.826,4.9837,7.2,6.3
321.1442,4.987,7.25,6.25
323.4122,4.9941,7.3,6.25
325.5029,4.9775,7.35,6.2
327.5435,4.9972,7.4,6.2
329.4876,4.9828,7.45,6.2
331.4969,4.9879,7.5,6.15
333.5506,4.9927,7.55,6.15
335.6694,4.9775,7.6,6.1
337.5651,4.9961,7.65,6.1
339.4607,4.9853,7.7,6.1
341.3214,4.9824,7.75,6.05
343.1196,4.9991,7.8,6.05
344.8605,4.9814,7.85,6.05
346.664,4.9856,7.9,6.0
348.3356,4.9973,7.95,6.0
350.0072,4.9802,8.0,6.0
351.7108,4.9856,8.05,5.95
353.3244,4.998,8.1,5.95
354.8073,4.9823,8.15,5.95
356.3803,4.9827,8.2,5.9
357.487,4.9888,0.0,5.9
357.8097,4.9977,8.25,5.9
359.2391,4.9873,8.3,5.9
359.5116,4.9758,0.05,5.95
