1.1507,4.9789,8.25,5.85
1.1711,4.9915,0.1,6.15
2.3541,4.9938,8.3,5.85
2.9401,4.9882,0.15,6.15
3.4916,4.9929,8.35,5.85
4.6039,4.9833,0.2,6.2
4.6292,4.9796,8.4,5.85
5.8443,4.9818,8.45,5.8
6.2955,4.9962,0.25,6.2
6.917,4.9951,8.5,5.8
7.8532,4.9929,8.55,5.8
7.9634,4.9763,0.3,6.25
8.7895,4.9808,8.6,5.8
9.807,4.9965,0.35,6.25
9.8549,4.9779,8.65,5.75
10.8289,4.9896,8.7,5.75
11.6507,4.9833,0.4,6.25
11.7013,4.9992,8.75,5.75
12.5736,4.9879,8.8,5.75
13.3519,4.9897,0.45,6.3
13.3604,4.9774,8.85,5.75
14.2387,4.9803,8.9,5.7
15.0179,4.9904,8.95,5.7
15.0768,4.9893,0.5,6.3
15.7971,4.9995,9.0,5.7
16.2989,4.9899,9.05,5.7
16.6106,4.984,0.55,6.35
16.8008,4.9802,9.1,5.7
17.645,4.9745,9.15,5.65
18.1984,4.9957,0.6,6.35
18.3477,4.9836,9.2,5.65
18.9986,4.9919,9.25,5.65
19.6494,4.9998,9.3,5.65
19.916,4.9777,0.65,6.4
20.3925,4.9916,9.35,5.65
21.1356,4.9834,9.4,5.65
21.6877,4.9982,0.7,6.4
21.7334,4.9761,9.45,5.65
22.4729,4.9766,9.5,5.6
23.0936,4.9843,9.55,5.6
23.4056,4.9814,0.75,6.4
23.7143,4.9919,9.6,5.6
24.4166,4.9984,9.65,5.6
25.0744,4.9925,0.8,6.45
25.1189,4.9951,9.7,5.6
25.6122,4.9882,9.75,5.6
26.1054,4.9814,9.8,5.6
26.7164,4.9753,9.85,5.6
26.7966,4.987,0.85,6.45
27.3948,4.9751,9.9,5.55
28.4697,4.9871,0.9,6.5
30.1764,4.9922,0.95,6.5
31.7351,4.9823,1.0,6.55
33.4046,4.9967,1.05,6.55
34.926,4.9782,1.1,6.6
36.7933,4.9987,1.15,6.6
38.6605,4.9807,1.2,6.6
40.3668,4.9941,1.25,6.65
42.1027,4.9857,1.3,6.65
43.8308,4.989,1.35,6.7
45.5884,4.9907,1.4,6.7
47.3517,4.985,1.45,6.75
49.109,4.9944,1.5,6.75
50.8336,4.9795,1.55,6.8
52.5521,4.9981,1.6,6.8
54.5191,4.9836,1.65,6.8
56.4534,4.9911,1.7,6.85
58.242,4.9915,1.75,6.85
59.998,4.9824,1.8,6.9
61.7954,4.9997,1.85,6.9
63.5927,4.9829,1.9,6.9
65.4206,4.99,1.95,6.95
67.1805,4.9938,2.0,6.95
69.1872,4.9787,2.05,7.0
71.1258,4.9945,2.1,7.0
72.9836,4.9921,2.15,7.0
74.8228,4.9789,2.2,7.05
76.84,4.9911,2.25,7.05
78.8573,4.9967,2.3,7.05
80.7813,4.9858,2.35,7.05
82.6868,4.9826,2.4,7.1
84.686,4.992,2.45,7.1
86.6852,4.9986,2.5,7.1
88.7632,4.9913,2.55,7.1
90.8411,4.984,2.6,7.1
92.5956,4.9797,2.65,7.15
94.5896,4.9856,2.7,7.15
96.707,4.9896,2.75,7.15
98.8245,4.9936,2.8,7.15
100.8887,4.9964,2.85,7.15
102.953,4.9991,2.9,7.15
104.987,4.9995,2.95,7.15
107.021,4.9981,3.0,7.15
108.9939,4.998,3.05,7.15
110.9668,4.9978,3.1,7.15
113.1314,4.9986,3.15,7.15
115.296,4.9995,3.2,7.15
117.4977,4.9979,3.25,7.15
119.6993,4.9953,3.3,7.15
121.9592,4.9929,3.35,7.15
124.2191,4.9906,3.4,7.15
126.4432,4.987,3.45,7.15
128.6672,4.9835,3.5,7.15
130.9969,4.9801,3.55,7.15
133.566,4.981,3.6,7.1
135.8392,4.9849,3.65,7.1
138.1124,4.9888,3.7,7.1
140.4047,4.9929,3.75,7.1
142.697,4.997,3.8,7.1
144.999,4.999,3.85,7.1
147.3009,4.9949,3.9,7.1
149.7252,4.9921,3.95,7.1
152.1495,4.9894,4.0,7.1
154.454,4.9864,4.05,7.1
156.7586,4.9833,4.1,7.1
159.3362,4.9806,4.15,7.1
161.9325,4.9798,4.2,7.05
164.5455,4.9825,4.25,7.05
167.1585,4.9852,4.3,7.05
169.6247,4.9877,4.35,7.05
172.0909,4.9901,4.4,7.05
174.7087,4.9922,4.45,7.05
177.3265,4.9944,4.5,7.05
179.8619,4.9966,4.55,7.05
182.3973,4.9988,4.6,7.05
184.8693,4.999,4.65,7.05
187.3413,4.9968,4.7,7.05
189.8757,4.9941,4.75,7.05
192.4101,4.9913,4.8,7.05
195.1107,4.9885,4.85,7.05
197.8112,4.9857,4.9,7.05
200.7676,4.9817,4.95,7.05
203.7426,4.9798,5.0,7.0
206.5379,4.9842,5.05,7.0
209.3332,4.9885,5.1,7.0
212.2467,4.9942,5.15,7.0
215.1601,4.9998,5.2,7.0
218.0867,4.9932,5.25,7.0
221.0133,4.9862,5.3,7.0
223.9815,4.9791,5.35,7.0
226.8816,4.9845,5.4,6.95
229.8695,4.994,5.45,6.95
232.8575,4.9966,5.5,6.95
235.8865,4.9861,5.55,6.95
238.8474,4.9809,5.6,6.9
242.0488,4.9934,5.65,6.9
245.2501,4.9941,5.7,6.9
248.2528,4.9813,5.75,6.9
251.2881,4.9879,5.8,6.85
254.5314,4.9984,5.85,6.85
257.7747,4.9846,5.9,6.85
260.8399,4.9873,5.95,6.8
263.8725,4.9971,6.0,6.8
267.0532,4.9804,6.05,6.8
270.2279,4.9913,6.1,6.75
273.2763,4.9905,6.15,6.75
276.3186,4.9827,6.2,6.7
279.3106,4.998,6.25,6.7
282.3025,4.9787,6.3,6.7
285.2658,4.9957,6.35,6.65
288.1996,4.9844,6.4,6.65
291.0372,4.9912,6.45,6.6
293.8453,4.9878,6.5,6.6
296.7623,4.9877,6.55,6.55
299.5312,4.9907,6.6,6.55
302.2342,4.9849,6.65,6.5
304.7891,4.9933,6.7,6.5
307.3757,4.982,6.75,6.45
309.9133,4.9962,6.8,6.45
312.3256,4.9797,6.85,6.4
314.6888,4.998,6.9,6.4
317.1144,4.9767,6.95,6.35
319.4859,4.9985,7.0,6.35
321.9043,4.9794,7.05,6.35
324.3769,4.9956,7.1,6.3
326.3825,4.9823,7.15,6.3
328.4119,4.9919,7.2,6.25
330.3226,4.9863,7.25,6.25
332.2571,4.9876,7.3,6.2
334.1097,4.9914,7.35,6.2
336.0676,4.9809,7.4,6.15
337.8339,4.9987,7.45,6.15
339.6002,4.9784,7.5,6.15
341.3866,4.9929,7.55,6.1
343.0679,4.987,7.6,6.1
344.9009,4.9817,7.65,6.05
346.5758,4.9987,7.7,6.05
348.1483,4.9803,7.75,6.05
349.8789,4.9872,7.8,6.0
351.31,4.9953,7.85,6.0
352.7411,4.9779,7.9,6.0
353.9174,4.9876,7.95,5.95
355.0574,4.996,8.0,5.95
356.2718,4.9799,8.05,5.95
357.1269,4.9997,0.0,6.1
357.5223,4.9853,8.1,5.9
358.6636,4.9993,8.15,5.9
359.2016,4.98,0.05,6.1
359.8048,4.984,8.2,5.9
