0.0401,4.9779,0.0,6.5
0.3715,4.9895,8.3,6.15
1.5418,4.9754,8.35,6.15
1.6075,4.9955,0.05,6.5
2.656,4.9891,8.4,6.1
3.1749,4.9869,0.1,6.5
3.8399,4.9983,8.45,6.1
4.9547,4.9851,0.15,6.55
5.0238,4.9857,8.5,6.1
6.1744,4.9766,8.55,6.05
6.7269,4.9966,0.2,6.55
7.334,4.9889,8.6,6.05
8.3574,4.9788,0.25,6.55
8.4401,4.9995,8.65,6.05
9.5463,4.9879,8.7,6.05
9.9953,4.9927,0.3,6.6
10.5276,4.9769,8.75,6.05
11.4999,4.9841,8.8,6.0
11.6655,4.989,0.35,6.6
12.6142,4.9943,8.85,6.0
13.4422,4.9846,0.4,6.65
13.7285,4.9955,8.9,6.0
14.7399,4.9854,8.95,6.0
15.1479,4.9983,0.45,6.65
15.7513,4.9753,9.0,6.0
16.648,4.9826,9.05,5.95
16.8536,4.9812,0.5,6.65
17.6132,4.9918,9.1,5.95
18.5269,4.9992,9.15,5.95
18.8517,4.9921,0.55,6.7
19.4406,4.9903,9.2,5.95
20.2959,4.9818,9.25,5.95
20.7433,4.9899,0.6,6.7
21.0827,4.9753,9.3,5.9
21.9734,4.9837,9.35,5.9
22.7067,4.9834,0.65,6.75
22.8642,4.9921,9.4,5.9
23.6965,4.9997,9.45,5.9
24.5288,4.9926,9.5,5.9
24.6645,4.9988,0.7,6.75
25.256,4.9852,9.55,5.9
25.9833,4.9778,9.6,5.9
26.7467,4.9818,0.75,6.75
26.9701,4.9767,9.65,5.85
27.7339,4.9836,9.7,5.85
28.4528,4.9904,9.75,5.85
28.8343,4.9905,0.8,6.8
29.1716,4.9972,9.8,5.85
29.8107,4.9968,9.85,5.85
30.4498,4.9908,9.9,5.85
30.8885,4.9922,0.85,6.8
33.0485,4.9809,0.9,6.85
35.1648,4.9977,0.95,6.85
37.2812,4.9854,1.0,6.85
39.6474,4.987,1.05,6.9
41.9078,4.9963,1.1,6.9
44.2542,4.9783,1.15,6.9
46.6466,4.9963,1.2,6.95
49.0071,4.9864,1.25,6.95
51.4137,4.9876,1.3,7.0
53.8226,4.9955,1.35,7.0
56.2316,4.9786,1.4,7.0
58.8193,4.9948,1.45,7.05
61.3189,4.9884,1.5,7.05
63.9072,4.984,1.55,7.1
66.4073,4.9998,1.6,7.1
68.8929,4.9847,1.65,7.1
71.3036,4.9877,1.7,7.15
74.0572,4.9981,1.75,7.15
76.8108,4.9839,1.8,7.15
79.7177,4.9873,1.85,7.2
82.6994,4.9985,1.9,7.2
85.7317,4.9846,1.95,7.2
88.7869,4.9879,2.0,7.25
91.7849,4.9994,2.05,7.25
94.7828,4.9868,2.1,7.25
97.8303,4.983,2.15,7.3
100.8548,4.9943,2.2,7.3
103.8862,4.9957,2.25,7.3
106.9176,4.9857,2.3,7.3
110.0925,4.9825,2.35,7.35
113.1719,4.9924,2.4,7.35
116.1731,4.9996,2.45,7.35
119.1744,4.9915,2.5,7.35
122.0552,4.9838,2.55,7.35
125.0317,4.9823,2.6,7.4
128.1952,4.9887,2.65,7.4
131.3587,4.9951,2.7,7.4
134.4886,4.9995,2.75,7.4
137.6185,4.9941,2.8,7.4
140.5996,4.9889,2.85,7.4
143.5806,4.9838,2.9,7.4
146.6494,4.9804,2.95,7.4
149.7086,4.9829,3.0,7.45
152.5697,4.9855,3.05,7.45
155.4308,4.988,3.1,7.45
158.5063,4.9899,3.15,7.45
161.5817,4.9917,3.2,7.45
164.4406,4.9928,3.25,7.45
167.2994,4.9939,3.3,7.45
169.9769,4.9949,3.35,7.45
172.6544,4.9959,3.4,7.45
175.3079,4.9953,3.45,7.45
177.9615,4.9946,3.5,7.45
180.56,4.9944,3.55,7.45
183.1586,4.9942,3.6,7.45
185.6267,4.9927,3.65,7.45
188.0949,4.9912,3.7,7.45
190.3817,4.99,3.75,7.45
192.6685,4.9887,3.8,7.45
195.0952,4.9871,3.85,7.45
197.5219,4.9855,3.9,7.45
199.9813,4.9832,3.95,7.45
202.4407,4.9809,4.0,7.45
204.8572,4.9805,4.05,7.4
207.2642,4.9819,4.1,7.4
209.5277,4.9848,4.15,7.4
211.7912,4.9877,4.2,7.4
213.9697,4.99,4.25,7.4
216.1482,4.9923,4.3,7.4
218.4715,4.9952,4.35,7.4
220.7948,4.998,4.4,7.4
222.9275,4.9988,4.45,7.4
225.0602,4.9957,4.5,7.4
227.2605,4.9922,4.55,7.4
229.4608,4.9886,4.6,7.4
231.5748,4.9848,4.65,7.4
233.6887,4.9809,4.7,7.4
235.8188,4.9821,4.75,7.35
238.0444,4.9868,4.8,7.35
240.1915,4.9917,4.85,7.35
242.3385,4.9965,4.9,7.35
244.4419,4.9981,4.95,7.35
246.5453,4.9926,5.0,7.35
248.7643,4.9862,5.05,7.35
250.9834,4.9797,5.1,7.35
252.9743,4.9859,5.15,7.3
255.0608,4.9933,5.2,7.3
257.2229,4.9989,5.25,7.3
259.3851,4.991,5.3,7.3
261.2163,4.9815,5.35,7.3
263.0245,4.9865,5.4,7.25
264.9991,4.9973,5.45,7.25
266.9736,4.9919,5.5,7.25
269.2427,4.9805,5.55,7.25
271.4887,4.9894,5.6,7.2
273.445,4.9982,5.65,7.2
275.4012,4.9858,5.7,7.2
277.598,4.9853,5.75,7.15
279.7199,4.9995,5.8,7.15
281.4837,4.9857,5.85,7.15
283.3223,4.986,5.9,7.1
285.2205,4.9984,5.95,7.1
287.1187,4.9827,6.0,7.1
288.8845,4.9909,6.05,7.05
290.7385,4.9921,6.1,7.05
292.4695,4.9829,6.15,7.0
294.2886,4.9988,6.2,7.0
296.0628,4.9795,6.25,7.0
297.7908,4.9965,6.3,6.95
299.5965,4.9836,6.35,6.95
301.3561,4.993,6.4,6.9
303.1386,4.9877,6.45,6.9
304.8152,4.9874,6.5,6.85
306.6292,4.9924,6.55,6.85
308.3374,4.9836,6.6,6.8
309.9991,4.9964,6.65,6.8
311.6553,4.979,6.7,6.75
313.3159,4.9997,6.75,6.75
314.9766,4.9795,6.8,6.75
316.7447,4.9971,6.85,6.7
318.5184,4.9817,6.9,6.7
320.1729,4.9945,6.95,6.65
321.9339,4.9846,7.0,6.65
323.5602,4.9916,7.05,6.6
325.293,4.9873,7.1,6.6
327.0246,4.9872,7.15,6.55
328.7636,4.9919,7.2,6.55
330.3421,4.982,7.25,6.5
331.928,4.9978,7.3,6.5
333.6395,4.9778,7.35,6.5
335.1833,4.9961,7.4,6.45
336.7013,4.985,7.45,6.45
338.0516,4.9877,7.5,6.4
339.5376,4.9934,7.55,6.4
341.103,4.9773,7.6,6.35
342.6758,4.9957,7.65,6.35
344.2486,4.9859,7.7,6.35
345.7668,4.9836,7.75,6.3
347.2055,4.9987,7.8,6.3
348.6845,4.9819,7.85,6.3
350.0253,4.9864,7.9,6.25
351.2186,4.9974,7.95,6.25
352.4119,4.9812,8.0,6.25
353.7253,4.9858,8.05,6.2
355.1768,4.9986,8.1,6.2
356.5836,4.9837,8.15,6.2
357.9344,4.9816,8.2,6.15
359.153,4.9961,8.25,6.15
