0.5565,4.9882,8.55,5.9
1.4524,4.9871,0.1,6.0
1.7327,4.975,8.6,5.85
2.7558,4.9891,8.65,5.85
3.2547,4.9781,0.15,6.05
3.7789,4.9969,8.7,5.85
4.8203,4.9837,8.75,5.85
5.0929,4.993,0.2,6.05
6.0358,4.9776,8.8,5.8
6.8494,4.9909,0.25,6.05
6.9384,4.9903,8.85,5.8
7.841,4.9969,8.9,5.8
8.57,4.9753,0.3,6.1
8.8685,4.9852,8.95,5.8
9.9653,4.974,9.0,5.75
10.4402,4.9914,0.35,6.1
10.72,4.9851,9.05,5.75
11.4748,4.9963,9.1,5.75
12.3103,4.9926,0.4,6.1
12.377,4.9931,9.15,5.75
13.2791,4.9824,9.2,5.75
13.8436,4.9759,0.45,6.15
14.1405,4.9749,9.25,5.7
14.9327,4.9849,9.3,5.7
15.6248,4.9932,0.5,6.15
15.7056,4.9943,9.35,5.7
16.4786,4.9962,9.4,5.7
17.1069,4.987,9.45,5.7
17.4342,4.99,0.55,6.15
17.7352,4.9778,9.5,5.7
18.3511,4.9764,9.55,5.65
18.8418,4.9847,9.6,5.65
18.9958,4.978,0.6,6.2
19.5671,4.9928,9.65,5.65
20.2923,4.9991,9.7,5.65
20.8276,4.9957,0.65,6.2
20.9611,4.9912,9.75,5.65
21.6298,4.9832,9.8,5.65
22.1531,4.9763,9.85,5.65
22.6594,4.9865,0.7,6.2
22.8017,4.9764,9.9,5.6
24.3717,4.9842,0.75,6.25
26.2393,4.9973,0.8,6.25
28.0584,4.9789,0.85,6.25
29.7223,4.9917,0.9,6.3
31.5242,4.9894,0.95,6.3
33.2431,4.9818,1.0,6.35
35.0811,4.999,1.05,6.35
36.9191,4.9797,1.1,6.35
38.6839,4.9927,1.15,6.4
40.5318,4.9871,1.2,6.4
42.1687,4.9862,1.25,6.45
43.8941,4.9939,1.3,6.45
45.7247,4.9798,1.35,6.5
47.6438,5.0,1.4,6.5
49.516,4.9797,1.45,6.5
51.2835,4.994,1.5,6.55
53.1838,4.9851,1.55,6.55
54.9795,4.9893,1.6,6.6
56.8995,4.9904,1.65,6.6
58.5351,4.9843,1.7,6.65
60.517,4.9954,1.75,6.65
62.2145,4.9794,1.8,6.7
64.111,4.999,1.85,6.7
66.0074,4.9815,1.9,6.7
67.9488,4.9927,1.95,6.75
69.8816,4.9882,2.0,6.75
71.7793,4.985,2.05,6.8
73.6685,4.9968,2.1,6.8
75.5602,4.9802,2.15,6.8
77.4594,4.9928,2.2,6.85
79.4077,4.9919,2.25,6.85
81.3635,4.9798,2.3,6.9
83.2066,4.9939,2.35,6.9
85.0496,4.992,2.4,6.9
87.0659,4.9785,2.45,6.9
88.9834,4.9915,2.5,6.95
90.8587,4.9973,2.55,6.95
92.734,4.9861,2.6,6.95
94.7232,4.979,2.65,7.0
96.8112,4.9876,2.7,7.0
98.9424,4.995,2.75,7.0
101.0735,4.9977,2.8,7.0
103.0704,4.9935,2.85,7.0
105.0672,4.9892,2.9,7.0
107.2167,4.9867,2.95,7.0
109.3662,4.9841,3.0,7.0
111.4131,4.9839,3.05,7.0
113.46,4.9836,3.1,7.0
115.4458,4.986,3.15,7.0
117.4315,4.9885,3.2,7.0
119.4436,4.9916,3.25,7.0
121.4557,4.9947,3.3,7.0
123.3746,5.0,3.35,7.0
125.2935,4.9947,3.4,7.0
127.3751,4.9882,3.45,7.0
129.4567,4.9818,3.5,7.0
131.7001,4.9822,3.55,6.95
133.8448,4.9898,3.6,6.95
136.0259,4.9977,3.65,6.95
138.207,4.9945,3.7,6.95
140.5414,4.9858,3.75,6.95
142.9746,4.9793,3.8,6.9
145.3414,4.9875,3.85,6.9
147.7081,4.9957,3.9,6.9
149.9735,4.9968,3.95,6.9
152.239,4.9893,4.0,6.9
154.4868,4.9828,4.05,6.9
156.7271,4.98,4.1,6.85
158.774,4.9865,4.15,6.85
160.821,4.9929,4.2,6.85
163.2092,4.9972,4.25,6.85
165.5973,4.9986,4.3,6.85
167.8402,4.995,4.35,6.85
170.0831,4.9915,4.4,6.85
172.4412,4.9897,4.45,6.85
174.7994,4.988,4.5,6.85
177.2275,4.9872,4.55,6.85
179.6556,4.9864,4.6,6.85
182.0801,4.9872,4.65,6.85
184.5047,4.9881,4.7,6.85
186.9796,4.9896,4.75,6.85
189.4546,4.9912,4.8,6.85
192.0887,4.9936,4.85,6.85
194.7229,4.9961,4.9,6.85
197.1602,4.9995,4.95,6.85
199.5975,4.997,5.0,6.85
202.0741,4.9937,5.05,6.85
204.5507,4.9904,5.1,6.85
207.0722,4.987,5.15,6.85
209.5938,4.9837,5.2,6.85
212.1618,4.9804,5.25,6.85
214.7375,4.9792,5.3,6.9
217.4459,4.9821,5.35,6.9
220.1543,4.985,5.4,6.9
222.797,4.9869,5.45,6.9
225.4397,4.9889,5.5,6.9
228.0044,4.9897,5.55,6.9
230.569,4.9906,5.6,6.9
233.2195,4.9899,5.65,6.9
235.87,4.9893,5.7,6.9
238.549,4.987,5.75,6.9
241.228,4.9848,5.8,6.9
244.0303,4.9807,5.85,6.9
246.8251,4.9798,5.9,6.85
249.6617,4.9853,5.95,6.85
252.4983,4.9907,6.0,6.85
255.2137,4.9984,6.05,6.85
257.9291,4.994,6.1,6.85
260.8356,4.9849,6.15,6.85
263.7344,4.9806,6.2,6.8
266.3107,4.9922,6.25,6.8
268.887,4.9963,6.3,6.8
271.5756,4.9831,6.35,6.8
274.2557,4.9851,6.4,6.75
277.0154,4.9999,6.45,6.75
279.7752,4.985,6.5,6.75
282.4388,4.9869,6.55,6.7
285.111,4.9962,6.6,6.7
287.808,4.9776,6.65,6.7
290.7895,4.9954,6.7,6.65
293.4531,4.9853,6.75,6.65
296.4012,4.9883,6.8,6.6
298.8717,4.9917,6.85,6.6
301.4468,4.9818,6.9,6.55
303.8282,4.9969,6.95,6.55
306.3142,4.9778,7.0,6.5
308.7794,4.9997,7.05,6.5
311.2445,4.9784,7.1,6.5
313.6164,4.9968,7.15,6.45
315.8998,4.9814,7.2,6.45
318.1037,4.9942,7.25,6.4
320.2191,4.9836,7.3,6.4
322.3474,4.9907,7.35,6.35
324.3926,4.9871,7.4,6.35
326.3569,4.9872,7.45,6.3
328.2381,4.9906,7.5,6.3
330.27,4.9837,7.55,6.25
332.1466,4.9943,7.6,6.25
334.0793,4.9792,7.65,6.2
335.8568,4.9994,7.7,6.2
337.2729,4.9785,7.75,6.2
338.9369,4.9936,7.8,6.15
340.5385,4.9858,7.85,6.15
342.3879,4.9859,7.9,6.1
344.0946,4.9942,7.95,6.1
345.8371,4.9759,8.0,6.05
347.4597,4.9951,8.05,6.05
349.0823,4.9856,8.1,6.05
350.651,4.9823,8.15,6.0
352.1837,4.9999,8.2,6.0
353.4717,4.983,8.25,6.0
354.9463,4.9834,8.3,5.95
356.0939,4.9999,8.35,5.95
357.2416,4.9836,8.4,5.95
357.5152,4.9837,0.0,6.0
358.4912,4.9813,8.45,5.9
359.4838,4.9983,0.05,6.0
359.5543,4.9967,8.5,5.9
