0.4548,4.982,8.3,6.1
1.7805,4.9793,8.35,6.05
1.9352,4.9796,0.05,6.25
3.1805,4.9909,8.4,6.05
4.1317,4.9865,0.1,6.3
4.4571,4.9974,8.45,6.05
5.7337,4.9858,8.5,6.05
6.3021,4.9995,0.15,6.3
7.0414,4.9749,8.55,6.05
8.2747,4.9856,8.6,6.0
8.4726,4.9856,0.2,6.3
9.5201,4.9963,8.65,6.0
10.5584,4.9807,0.25,6.35
10.7655,4.993,8.7,6.0
12.1394,4.9825,8.75,6.0
12.6557,4.9944,0.3,6.35
13.5644,4.977,8.8,5.95
14.533,4.9871,8.85,5.95
15.0162,4.9921,0.35,6.35
15.5017,4.9971,8.9,5.95
16.4567,4.9938,8.95,5.95
17.3768,4.9786,0.4,6.35
17.4117,4.9846,9.0,5.95
18.5317,4.9753,9.05,5.95
19.4257,4.9874,0.45,6.4
19.7027,4.9829,9.1,5.9
20.6742,4.992,9.15,5.9
21.4861,4.9993,0.5,6.4
21.6457,4.999,9.2,5.9
22.6272,4.9908,9.25,5.9
23.5988,4.9859,0.55,6.4
23.6086,4.9826,9.3,5.9
24.437,4.9746,9.35,5.9
25.3513,4.9816,9.4,5.85
25.6997,4.9811,0.6,6.45
26.1478,4.9896,9.45,5.85
26.9444,4.9976,9.5,5.85
27.8152,4.9952,9.55,5.85
27.996,4.9942,0.65,6.45
28.6861,4.988,9.6,5.85
29.417,4.9811,9.65,5.85
30.1478,4.9741,9.7,5.85
30.2922,4.9927,0.7,6.45
30.9744,4.9809,9.75,5.8
31.7151,4.9878,9.8,5.8
32.4357,4.9943,9.85,5.8
32.682,4.9789,0.75,6.45
33.1563,4.9992,9.9,5.8
35.0601,4.9885,0.8,6.5
37.374,4.998,0.85,6.5
39.6878,4.9845,0.9,6.5
42.4334,4.9832,0.95,6.55
45.1622,4.9967,1.0,6.55
47.6051,4.9898,1.05,6.55
50.0647,4.978,1.1,6.6
52.489,4.9918,1.15,6.6
54.9133,4.9944,1.2,6.6
57.2319,4.9802,1.25,6.6
59.4718,4.9888,1.3,6.65
61.9295,4.9969,1.35,6.65
64.3872,4.9826,1.4,6.65
66.7075,4.9862,1.45,6.7
69.1064,4.9998,1.5,6.7
71.4081,4.9855,1.55,6.7
73.6639,4.984,1.6,6.75
76.1059,4.9984,1.65,6.75
78.5479,4.9873,1.7,6.75
80.9834,4.9822,1.75,6.8
83.4647,4.9964,1.8,6.8
85.9762,4.9894,1.85,6.8
88.4301,4.98,1.9,6.85
90.8724,4.9936,1.95,6.85
93.3147,4.9929,2.0,6.85
95.8001,4.9785,2.05,6.85
98.228,4.9911,2.1,6.9
100.6251,4.9952,2.15,6.9
103.0221,4.9815,2.2,6.9
105.4477,4.9888,2.25,6.95
107.8761,4.9971,2.3,6.95
110.2659,4.9838,2.35,6.95
112.6529,4.9858,2.4,7.0
115.0837,4.9992,2.45,7.0
117.5145,4.9874,2.5,7.0
119.7275,4.9815,2.55,7.05
122.0199,4.9932,2.6,7.05
124.3621,4.9959,2.65,7.05
126.7042,4.985,2.7,7.05
128.985,4.982,2.75,7.1
131.3454,4.9918,2.8,7.1
133.6628,4.9993,2.85,7.1
135.9802,4.9903,2.9,7.1
138.289,4.9832,2.95,7.1
140.6491,4.9812,3.0,7.15
142.9456,4.9874,3.05,7.15
145.2422,4.9935,3.1,7.15
147.5066,4.9983,3.15,7.15
149.7711,4.9969,3.2,7.15
152.0011,4.994,3.25,7.15
154.2311,4.9912,3.3,7.15
156.4389,4.9895,3.35,7.15
158.6467,4.9877,3.4,7.15
160.8717,4.9877,3.45,7.15
163.0968,4.9876,3.5,7.15
165.2694,4.9892,3.55,7.15
167.442,4.9909,3.6,7.15
169.629,4.9942,3.65,7.15
171.8161,4.9974,3.7,7.15
173.9322,4.9981,3.75,7.15
176.0483,4.9936,3.8,7.15
178.3108,4.987,3.85,7.15
180.5733,4.9804,3.9,7.15
182.7198,4.9839,3.95,7.1
184.9175,4.9908,4.0,7.1
187.0563,4.9992,4.05,7.1
189.195,4.9924,4.1,7.1
191.4247,4.9853,4.15,7.1
193.7339,4.9789,4.2,7.05
195.906,4.9882,4.25,7.05
198.078,4.9975,4.3,7.05
200.3243,4.9917,4.35,7.05
202.5707,4.981,4.4,7.05
204.9085,4.9864,4.45,7.0
207.1669,4.9965,4.5,7.0
209.3101,4.9924,4.55,7.0
211.4533,4.9814,4.6,7.0
213.4401,4.9858,4.65,6.95
215.424,4.9968,4.7,6.95
217.4281,4.9925,4.75,6.95
219.4322,4.9818,4.8,6.95
221.7122,4.9854,4.85,6.9
223.9894,4.9963,4.9,6.9
226.1302,4.9942,4.95,6.9
228.2711,4.9848,5.0,6.9
230.5553,4.9805,5.05,6.85
232.782,4.9905,5.1,6.85
234.9527,4.9996,5.15,6.85
237.1235,4.9914,5.2,6.85
239.2749,4.9829,5.25,6.85
241.4839,4.9808,5.3,6.8
243.7225,4.9894,5.35,6.8
245.9611,4.998,5.4,6.8
248.1078,4.9942,5.45,6.8
250.2545,4.9864,5.5,6.8
252.5125,4.9779,5.55,6.8
254.8163,4.9858,5.6,6.75
257.0383,4.9941,5.65,6.75
259.2603,4.9977,5.7,6.75
261.2962,4.9899,5.75,6.75
263.3322,4.982,5.8,6.75
265.4778,4.9818,5.85,6.7
267.5775,4.9905,5.9,6.7
269.7925,4.9994,5.95,6.7
272.0074,4.9917,6.0,6.7
274.1261,4.9829,6.05,6.7
276.3235,4.9807,6.1,6.65
278.3584,4.9899,6.15,6.65
280.3933,4.9992,6.2,6.65
282.5865,4.9913,6.25,6.65
284.7797,4.9818,6.3,6.65
286.9677,4.983,6.35,6.6
289.0771,4.993,6.4,6.6
291.2093,4.9963,6.45,6.6
293.3415,4.9855,6.5,6.6
295.3894,4.98,6.55,6.55
297.454,4.9912,6.6,6.55
299.6714,4.9969,6.65,6.55
301.8888,4.9851,6.7,6.55
303.8396,4.9812,6.75,6.5
305.8071,4.9933,6.8,6.5
307.8851,4.9936,6.85,6.5
309.9631,4.9806,6.9,6.5
312.0964,4.9859,6.95,6.45
314.218,4.9989,7.0,6.45
316.2563,4.9878,7.05,6.45
318.3063,4.979,7.1,6.4
320.3276,4.9927,7.15,6.4
322.3488,4.9936,7.2,6.4
324.3931,4.9799,7.25,6.4
326.4489,4.9864,7.3,6.35
328.3733,4.9998,7.35,6.35
330.2977,4.986,7.4,6.35
332.2183,4.9808,7.45,6.3
334.1274,4.9948,7.5,6.3
335.9316,4.9908,7.55,6.3
337.7358,4.9764,7.6,6.3
339.4634,4.9899,7.65,6.25
341.2449,4.9961,7.7,6.25
342.9586,4.9821,7.75,6.25
344.6185,4.9841,7.8,6.2
346.3017,4.9979,7.85,6.2
347.985,4.9884,7.9,6.2
349.6285,4.9758,7.95,6.15
351.2878,4.9892,8.0,6.15
352.8976,4.9973,8.05,6.15
354.5074,4.9839,8.1,6.15
356.0183,4.98,8.15,6.1
357.5452,4.993,8.2,6.1
359.0,4.9945,8.25,6.1
359.7925,4.9936,0.0,6.25
