0.0633,4.9815,0.05,5.6
0.5553,4.9838,8.3,5.5
1.8957,4.9741,8.35,5.45
2.0612,4.9978,0.1,5.6
3.0938,4.9892,8.4,5.45
3.9805,4.9842,0.15,5.6
4.4364,4.9962,8.45,5.45
5.727,4.9795,0.2,5.65
5.7791,4.9817,8.5,5.45
6.8902,4.9748,8.55,5.4
7.6854,4.9969,0.25,5.65
7.8591,4.9886,8.6,5.4
8.9866,4.9983,8.65,5.4
9.6438,4.9857,0.3,5.65
10.1141,4.9853,8.7,5.4
11.2246,4.9732,8.75,5.4
11.4165,4.9781,0.35,5.7
12.4348,4.981,8.8,5.35
13.3621,4.9962,0.4,5.7
13.4546,4.9922,8.85,5.35
14.4744,4.9966,8.9,5.35
15.2696,4.986,0.45,5.7
15.4874,4.9857,8.95,5.35
16.5003,4.9748,9.0,5.35
17.1188,4.9791,0.5,5.75
17.4381,4.9776,9.05,5.3
18.2761,4.9879,9.1,5.3
19.1527,4.998,0.55,5.75
19.228,4.998,9.15,5.3
20.18,4.9919,9.2,5.3
20.9667,4.9827,9.25,5.3
21.1865,4.9831,0.6,5.75
21.7535,4.9735,9.3,5.3
22.6699,4.9752,9.35,5.25
22.9655,4.9824,0.65,5.8
23.3659,4.9839,9.4,5.25
24.1692,4.992,9.45,5.25
24.8027,4.9994,0.7,5.8
24.9725,4.9999,9.5,5.25
25.6801,4.9922,9.55,5.25
26.3878,4.9844,9.6,5.25
26.7038,4.9799,0.75,5.8
26.9506,4.9768,9.65,5.25
27.7337,4.9709,9.7,5.2
28.3915,4.9779,9.75,5.2
28.6296,4.9869,0.8,5.85
29.0494,4.9849,9.8,5.2
29.7557,4.9917,9.85,5.2
30.4621,4.9986,9.9,5.2
30.4748,4.993,0.85,5.85
32.3448,4.9744,0.9,5.9
34.2304,4.9947,0.95,5.9
36.116,4.985,1.0,5.9
38.0168,4.9837,1.05,5.95
39.9661,4.9962,1.1,5.95
41.6956,4.976,1.15,5.95
43.3767,4.9928,1.2,6.0
45.3346,4.9869,1.25,6.0
47.1716,4.9824,1.3,6.05
49.07,4.9969,1.35,6.05
50.9684,4.9762,1.4,6.05
52.8025,4.9945,1.45,6.1
54.7577,4.9838,1.5,6.1
56.6651,4.9861,1.55,6.15
58.5724,4.9936,1.6,6.15
60.5645,4.976,1.65,6.2
62.5563,4.9959,1.7,6.2
64.5147,4.9847,1.75,6.2
66.3855,4.986,1.8,6.25
68.4209,4.9954,1.85,6.25
70.4564,4.9768,1.9,6.25
72.3889,4.9926,1.95,6.3
74.409,4.9894,2.0,6.3
76.3836,4.9795,2.05,6.35
78.501,4.9965,2.1,6.35
80.5569,4.9874,2.15,6.35
82.4701,4.9806,2.2,6.4
84.4428,4.9946,2.25,6.4
86.4154,4.9915,2.3,6.4
88.5851,4.9789,2.35,6.4
90.7318,4.9867,2.4,6.45
92.7376,4.9984,2.45,6.45
94.7434,4.9899,2.5,6.45
97.0539,4.9804,2.55,6.45
99.3413,4.982,2.6,6.5
101.359,4.9897,2.65,6.5
103.3767,4.9974,2.7,6.5
105.4321,4.9973,2.75,6.5
107.4876,4.9919,2.8,6.5
109.6244,4.9872,2.85,6.5
111.7612,4.9825,2.9,6.5
113.8616,4.98,2.95,6.5
115.962,4.9776,3.0,6.5
118.0944,4.9776,3.05,6.5
120.2267,4.9775,3.1,6.5
122.4054,4.9785,3.15,6.5
124.5842,4.9795,3.2,6.5
126.7486,4.9817,3.25,6.5
128.913,4.9838,3.3,6.5
131.1492,4.9882,3.35,6.5
133.3855,4.9925,3.4,6.5
135.5746,4.9966,3.45,6.5
137.7636,4.9994,3.5,6.5
139.9286,4.994,3.55,6.5
142.0936,4.9887,3.6,6.5
144.375,4.9832,3.65,6.5
146.6563,4.9778,3.7,6.5
148.8513,4.9811,3.75,6.45
151.0232,4.9871,3.8,6.45
153.4248,4.9926,3.85,6.45
155.8265,4.9981,3.9,6.45
158.0755,4.9962,3.95,6.45
160.3244,4.9904,4.0,6.45
162.6251,4.9858,4.05,6.45
164.9257,4.9813,4.1,6.45
167.3398,4.9775,4.15,6.45
169.777,4.9792,4.2,6.4
171.994,4.9823,4.25,6.4
174.211,4.9854,4.3,6.4
176.6104,4.9881,4.35,6.4
179.0097,4.9907,4.4,6.4
181.5623,4.9925,4.45,6.4
184.1149,4.9944,4.5,6.4
186.5055,4.9948,4.55,6.4
188.8961,4.9952,4.6,6.4
191.5611,4.9952,4.65,6.4
194.2261,4.9951,4.7,6.4
196.7114,4.9949,4.75,6.4
199.1967,4.9948,4.8,6.4
201.6985,4.9937,4.85,6.4
204.2003,4.9926,4.9,6.4
206.631,4.9921,4.95,6.4
209.0618,4.9915,5.0,6.4
211.4049,4.9909,5.05,6.4
213.748,4.9902,5.1,6.4
215.898,4.9898,5.15,6.4
218.048,4.9895,5.2,6.4
220.6777,4.9902,5.25,6.4
223.3075,4.991,5.3,6.4
225.7237,4.9922,5.35,6.4
228.1399,4.9934,5.4,6.4
230.7585,4.9955,5.45,6.4
233.3772,4.9976,5.5,6.4
236.0765,4.9989,5.55,6.4
238.7758,4.9954,5.6,6.4
241.2879,4.9901,5.65,6.4
243.7999,4.9847,5.7,6.4
246.2684,4.9778,5.75,6.4
248.8797,4.981,5.8,6.35
251.2923,4.989,5.85,6.35
253.7049,4.9971,5.9,6.35
256.4968,4.9931,5.95,6.35
259.2886,4.9832,6.0,6.35
262.1246,4.9802,6.05,6.3
264.8178,4.9917,6.1,6.3
267.4505,4.9949,6.15,6.3
270.0832,4.9816,6.2,6.3
272.9247,4.9848,6.25,6.25
275.6787,4.9997,6.3,6.25
278.4529,4.984,6.35,6.25
281.3147,4.9836,6.4,6.2
283.888,4.9986,6.45,6.2
286.4614,4.9808,6.5,6.2
289.2275,4.9879,6.55,6.15
291.9939,4.9929,6.6,6.15
294.5049,4.9769,6.65,6.1
297.0161,4.9971,6.7,6.1
299.7527,4.9813,6.75,6.1
302.6102,4.9893,6.8,6.05
305.1507,4.989,6.85,6.05
307.8122,4.9817,6.9,6.0
310.1768,4.9961,6.95,6.0
312.5898,4.9746,7.0,5.95
314.9712,4.9969,7.05,5.95
317.3527,4.9809,7.1,5.95
319.7288,4.9907,7.15,5.9
322.0565,4.9863,7.2,5.9
324.2325,4.9837,7.25,5.85
326.4332,4.9936,7.3,5.85
328.5121,4.976,7.35,5.8
330.6157,4.9982,7.4,5.8
332.5907,4.9801,7.45,5.8
334.6241,4.9889,7.5,5.75
336.5202,4.9901,7.55,5.75
338.4747,4.9782,7.6,5.7
340.3414,4.9991,7.65,5.7
342.2082,4.9799,7.7,5.7
344.1293,4.9856,7.75,5.65
345.8775,4.9946,7.8,5.65
347.4761,4.9755,7.85,5.65
349.2475,4.9893,7.9,5.6
350.7535,4.9925,7.95,5.6
352.2594,4.9742,8.0,5.6
353.6886,4.9882,8.05,5.55
355.1057,4.9938,8.1,5.55
356.4587,4.977,8.15,5.55
357.8238,4.9843,8.2,5.5
358.0775,4.9794,0.0,5.55
359.1896,4.9998,8.25,5.5
