0.0743,4.9847,8.4,5.3
1.1279,4.9725,8.45,5.3
1.3695,4.9957,0.1,5.45
2.3088,4.98,8.5,5.25
2.978,4.977,0.15,5.45
3.3838,4.9914,8.55,5.25
4.4587,4.9971,8.6,5.25
4.4897,4.9849,0.2,5.5
5.4638,4.9859,8.65,5.25
6.2003,4.9964,0.25,5.5
6.4688,4.9746,8.7,5.25
7.4288,4.976,8.75,5.2
7.9108,4.9776,0.3,5.5
8.2616,4.9864,8.8,5.2
9.0649,4.9961,8.85,5.2
9.8062,4.9868,0.35,5.55
9.8681,4.9943,8.9,5.2
10.6282,4.9852,8.95,5.2
11.3884,4.976,9.0,5.2
11.6793,4.9944,0.4,5.55
12.3842,4.9713,9.05,5.15
13.0494,4.9799,9.1,5.15
13.3683,4.9751,0.45,5.55
13.9848,4.9883,9.15,5.15
14.9201,4.9966,9.2,5.15
15.0796,4.9897,0.5,5.6
15.735,4.9954,9.25,5.15
16.5498,4.9875,9.3,5.15
16.7843,4.9909,0.55,5.6
17.2045,4.9801,9.35,5.15
17.8592,4.9727,9.4,5.15
18.2809,4.9737,0.6,5.65
18.9041,4.9729,9.45,5.1
19.6184,4.9799,9.5,5.1
19.9666,4.9934,0.65,5.65
20.2573,4.9866,9.55,5.1
20.8962,4.9932,9.6,5.1
21.4794,4.9995,9.65,5.1
21.6522,4.9869,0.7,5.65
22.0626,4.9942,9.7,5.1
22.7236,4.988,9.75,5.1
23.1409,4.9779,0.75,5.7
23.3847,4.9818,9.8,5.1
23.8047,4.9763,9.85,5.1
24.2247,4.9707,9.9,5.1
24.8376,4.9976,0.8,5.7
26.6084,4.9827,0.85,5.7
28.1949,4.984,0.9,5.75
29.8411,4.9952,0.95,5.75
31.4873,4.9743,1.0,5.75
32.9539,4.9925,1.05,5.8
34.6047,4.9876,1.1,5.8
36.2114,4.979,1.15,5.85
37.9619,4.9988,1.2,5.85
39.6454,4.9816,1.25,5.85
41.1853,4.9848,1.3,5.9
42.9153,4.9951,1.35,5.9
44.6453,4.9751,1.4,5.9
46.4609,4.9931,1.45,5.95
48.1995,4.9868,1.5,5.95
50.0537,4.9795,1.55,6.0
51.8309,4.9978,1.6,6.0
53.6158,4.984,1.65,6.0
55.2593,4.9835,1.7,6.05
57.0929,4.9989,1.75,6.05
58.9266,4.9813,1.8,6.05
60.8386,4.9852,1.85,6.1
62.892,4.9976,1.9,6.1
64.6811,4.982,1.95,6.1
66.3405,4.9834,2.0,6.15
68.1741,4.9974,2.05,6.15
70.0078,4.9887,2.1,6.15
71.9881,4.9754,2.15,6.15
73.8387,4.9878,2.2,6.2
75.7375,4.9992,2.25,6.2
77.6363,4.9894,2.3,6.2
79.4402,4.9788,2.35,6.2
81.0678,4.9831,2.4,6.25
82.9559,4.9917,2.45,6.25
84.8439,4.9997,2.5,6.25
86.8841,4.9929,2.55,6.25
88.9243,4.9861,2.6,6.25
90.99,4.9806,2.65,6.25
92.8794,4.9763,2.7,6.3
94.9633,4.9801,2.75,6.3
97.0472,4.9839,2.8,6.3
99.1911,4.9859,2.85,6.3
101.3351,4.9879,2.9,6.3
103.4559,4.9889,2.95,6.3
105.5768,4.9899,3.0,6.3
107.4259,4.9892,3.05,6.3
109.2751,4.9884,3.1,6.3
111.4019,4.9869,3.15,6.3
113.5287,4.9855,3.2,6.3
115.6761,4.9831,3.25,6.3
117.8235,4.9807,3.3,6.3
120.007,4.9775,3.35,6.3
122.3667,4.977,3.4,6.25
124.5686,4.9805,3.45,6.25
126.7704,4.984,3.5,6.25
128.9426,4.9881,3.55,6.25
131.1147,4.9922,3.6,6.25
133.352,4.9964,3.65,6.25
135.5892,4.9994,3.7,6.25
137.9795,4.9951,3.75,6.25
140.3697,4.9908,3.8,6.25
142.7985,4.9873,3.85,6.25
145.2273,4.9838,3.9,6.25
147.7612,4.9808,3.95,6.25
150.295,4.9778,4.0,6.25
152.8357,4.9765,4.05,6.2
155.2001,4.9794,4.1,6.2
157.713,4.9814,4.15,6.2
160.2259,4.9834,4.2,6.2
162.7757,4.985,4.25,6.2
165.3256,4.9866,4.3,6.2
167.8952,4.9878,4.35,6.2
170.4648,4.989,4.4,6.2
172.883,4.9894,4.45,6.2
175.3013,4.9898,4.5,6.2
177.7618,4.9904,4.55,6.2
180.2224,4.9909,4.6,6.2
182.8743,4.9911,4.65,6.2
185.5263,4.9913,4.7,6.2
188.4102,4.9913,4.75,6.2
191.2941,4.9913,4.8,6.2
194.0879,4.9919,4.85,6.2
196.8818,4.9924,4.9,6.2
199.6119,4.993,4.95,6.2
202.342,4.9935,5.0,6.2
205.1237,4.9947,5.05,6.2
207.9054,4.9958,5.1,6.2
210.6683,4.9981,5.15,6.2
213.4312,4.9997,5.2,6.2
216.2723,4.9967,5.25,6.2
219.1134,4.9937,5.3,6.2
221.8578,4.9895,5.35,6.2
224.6021,4.9853,5.4,6.2
227.4878,4.9803,5.45,6.2
230.3735,4.9752,5.5,6.2
233.2983,4.9813,5.55,6.15
236.0934,4.988,5.6,6.15
239.0306,4.9963,5.65,6.15
241.9678,4.9954,5.7,6.15
244.8957,4.9856,5.75,6.15
247.8235,4.9758,5.8,6.15
250.6677,4.9852,5.85,6.1
253.3822,4.9963,5.9,6.1
256.234,4.991,5.95,6.1
259.0858,4.9783,6.0,6.1
262.0885,4.9854,6.05,6.05
264.9497,4.9999,6.1,6.05
267.7099,4.9846,6.15,6.05
270.6115,4.9802,6.2,6.0
273.373,4.9965,6.25,6.0
276.1344,4.9871,6.3,6.0
278.8288,4.9788,6.35,5.95
281.6002,4.9966,6.4,5.95
284.3738,4.9846,6.45,5.95
287.0703,4.9822,6.5,5.9
289.8626,4.9979,6.55,5.9
292.6548,4.9781,6.6,5.9
295.1227,4.9887,6.65,5.85
297.4469,4.9912,6.7,5.85
300.0914,4.976,6.75,5.8
302.5922,4.9965,6.8,5.8
305.0228,4.9826,6.85,5.8
307.6377,4.9854,6.9,5.75
310.0584,4.9938,6.95,5.75
312.6634,4.974,7.0,5.7
315.0232,4.995,7.05,5.7
317.383,4.984,7.1,5.7
319.7154,4.982,7.15,5.65
321.8397,4.9972,7.2,5.65
323.8175,4.9768,7.25,5.65
326.0034,4.9887,7.3,5.6
328.0153,4.9912,7.35,5.6
330.0051,4.9745,7.4,5.55
331.8893,4.9937,7.45,5.55
333.7735,4.9871,7.5,5.55
335.4797,4.9774,7.55,5.5
337.2082,4.9964,7.6,5.5
338.8281,4.9852,7.65,5.5
340.5448,4.9763,7.7,5.45
342.11,4.9938,7.75,5.45
343.6753,4.9887,7.8,5.45
345.3073,4.9719,7.85,5.45
347.0362,4.9881,7.9,5.4
348.2921,4.9961,7.95,5.4
349.5481,4.9804,8.0,5.4
351.1757,4.9765,8.05,5.35
352.5415,4.9917,8.1,5.35
353.9078,4.9943,8.15,5.35
355.2742,4.9803,8.2,5.35
356.611,4.9752,8.25,5.3
357.686,4.9891,8.3,5.3
358.0513,4.9759,0.0,5.4
358.8801,4.9978,8.35,5.3
359.662,4.9857,0.05,5.45
