1.139,4.9773,0.05,5.35
1.2291,4.9801,8.3,5.25
2.6955,4.9771,8.35,5.2
3.1714,4.9831,0.1,5.4
3.8941,4.9933,8.4,5.2
5.1084,4.9909,8.45,5.2
5.1468,4.9977,0.15,5.4
6.3227,4.9752,8.5,5.2
7.1222,4.9784,0.2,5.4
7.4925,4.9795,8.55,5.15
8.5795,4.9941,8.6,5.15
8.8951,4.9843,0.25,5.45
9.4838,4.9918,8.65,5.15
10.3882,4.9778,8.7,5.15
10.7776,4.997,0.3,5.45
11.4815,4.9751,8.75,5.1
12.492,4.988,8.8,5.1
12.6664,4.9776,0.35,5.45
13.3729,4.9996,8.85,5.1
14.2537,4.9873,8.9,5.1
14.4455,4.9859,0.4,5.5
15.1809,4.9757,8.95,5.1
16.2042,4.974,9.0,5.05
16.3038,4.9934,0.45,5.5
17.0893,4.985,9.05,5.05
17.9744,4.996,9.1,5.05
18.1621,4.9728,0.5,5.5
18.6931,4.994,9.15,5.05
19.4117,4.984,9.2,5.05
20.0582,4.9929,0.55,5.55
20.2581,4.9742,9.25,5.05
21.2006,4.9736,9.3,5.0
21.9804,4.9829,9.35,5.0
21.9828,4.9869,0.6,5.55
22.7602,4.9921,9.4,5.0
23.4851,4.9993,9.45,5.0
23.7862,4.9791,0.65,5.6
24.21,4.9908,9.5,5.0
24.8385,4.9826,9.55,5.0
25.467,4.9745,9.6,5.0
25.6181,4.9995,0.7,5.6
26.0309,4.9671,9.65,5.0
26.5947,4.9597,9.7,5.0
27.1359,4.9523,9.75,5.0
27.536,4.9792,0.75,5.6
27.677,4.9448,9.8,5.0
28.2835,4.938,9.85,5.0
28.8899,4.9311,9.9,5.0
29.2992,4.9876,0.8,5.65
31.1827,4.9896,0.85,5.65
32.9115,4.9787,0.9,5.7
34.7239,4.9994,0.95,5.7
36.5363,4.9774,1.0,5.7
38.3337,4.9923,1.05,5.75
40.2427,4.9849,1.1,5.75
42.0404,4.9849,1.15,5.8
43.9496,4.9922,1.2,5.8
45.6129,4.9774,1.25,5.85
47.3856,4.9999,1.3,5.85
49.2894,4.9769,1.35,5.85
51.0838,4.9936,1.4,5.9
53.0294,4.9829,1.45,5.9
54.8277,4.9894,1.5,5.95
56.6105,4.9885,1.55,5.95
58.2461,4.9823,1.6,6.0
60.2686,4.9958,1.65,6.0
62.2225,4.975,1.7,6.05
64.2658,4.997,1.75,6.05
66.309,4.9811,1.8,6.05
68.1325,4.9879,1.85,6.1
70.0246,4.9921,1.9,6.1
71.8953,4.9777,1.95,6.15
73.8541,4.997,2.0,6.15
75.7601,4.9852,2.05,6.15
77.5782,4.9832,2.1,6.2
79.6005,4.9984,2.15,6.2
81.6227,4.9865,2.2,6.2
83.4095,4.9795,2.25,6.25
85.3509,4.994,2.3,6.25
87.4015,4.9937,2.35,6.25
89.4521,4.9814,2.4,6.25
91.2391,4.9797,2.45,6.3
93.1808,4.9893,2.5,6.3
95.1822,4.9969,2.55,6.3
97.1837,4.9955,2.6,6.3
99.2236,4.9901,2.65,6.3
101.2635,4.9847,2.7,6.3
103.3255,4.9822,2.75,6.3
105.3874,4.9797,2.8,6.3
107.3663,4.979,2.85,6.3
109.3452,4.9783,2.9,6.3
111.4954,4.9798,2.95,6.3
113.6457,4.9813,3.0,6.3
115.755,4.985,3.05,6.3
117.8643,4.9887,3.1,6.3
120.04,4.9936,3.15,6.3
122.2157,4.9986,3.2,6.3
124.3869,4.9946,3.25,6.3
126.558,4.9877,3.3,6.3
128.7539,4.9797,3.35,6.3
131.1045,4.9798,3.4,6.25
133.2185,4.9885,3.45,6.25
135.3324,4.9972,3.5,6.25
137.618,4.9936,3.55,6.25
139.9037,4.9843,3.6,6.25
142.369,4.9759,3.65,6.2
144.6796,4.9847,3.7,6.2
147.155,4.9933,3.75,6.2
149.6304,4.9981,3.8,6.2
151.9103,4.9898,3.85,6.2
154.1902,4.9814,3.9,6.2
156.579,4.976,3.95,6.15
158.8799,4.983,4.0,6.15
161.3046,4.9886,4.05,6.15
163.7293,4.9943,4.1,6.15
166.1175,4.9982,4.15,6.15
168.5057,4.9979,4.2,6.15
171.1011,4.9955,4.25,6.15
173.6966,4.9931,4.3,6.15
176.1254,4.9919,4.35,6.15
178.5542,4.9907,4.4,6.15
181.0263,4.9912,4.45,6.15
183.4984,4.9918,4.5,6.15
186.1356,4.9937,4.55,6.15
188.7728,4.9955,4.6,6.15
191.3276,4.9985,4.65,6.15
193.8823,4.9985,4.7,6.15
196.3251,4.995,4.75,6.15
198.7679,4.9915,4.8,6.15
201.4329,4.9873,4.85,6.15
204.0978,4.983,4.9,6.15
206.4758,4.9786,4.95,6.15
208.7658,4.9763,5.0,6.2
211.1143,4.9806,5.05,6.2
213.4628,4.985,5.1,6.2
216.0576,4.9891,5.15,6.2
218.6523,4.9931,5.2,6.2
221.2863,4.9955,5.25,6.2
223.9202,4.9979,5.3,6.2
226.5469,4.9993,5.35,6.2
229.1737,4.9992,5.4,6.2
231.7362,4.9988,5.45,6.2
234.2987,4.9985,5.5,6.2
236.7672,4.9997,5.55,6.2
239.2357,4.9978,5.6,6.2
241.7813,4.995,5.65,6.2
244.3269,4.9922,5.7,6.2
246.7587,4.9863,5.75,6.2
249.1905,4.9803,5.8,6.2
252.0765,4.9776,5.85,6.15
254.8745,4.985,5.9,6.15
257.4659,4.9949,5.95,6.15
260.0573,4.9953,6.0,6.15
262.785,4.983,6.05,6.15
265.6007,4.9797,6.1,6.1
268.3532,4.9941,6.15,6.1
271.1057,4.9914,6.2,6.1
273.7997,4.9752,6.25,6.1
276.5623,4.99,6.3,6.05
279.3056,4.9913,6.35,6.05
282.1175,4.9764,6.4,6.0
284.8995,4.9963,6.45,6.0
287.6815,4.9838,6.5,6.0
290.454,4.9862,6.55,5.95
293.0792,4.9924,6.6,5.95
295.938,4.9797,6.65,5.9
298.6494,4.997,6.7,5.9
301.2974,4.9741,6.75,5.85
303.836,4.9979,6.8,5.85
306.261,4.9771,6.85,5.85
308.7953,4.995,6.9,5.8
311.2153,4.9804,6.95,5.8
313.7467,4.9912,7.0,5.75
316.0723,4.9833,7.05,5.75
318.5094,4.9892,7.1,5.7
320.7911,4.9855,7.15,5.7
323.2275,4.9853,7.2,5.65
325.3698,4.9894,7.25,5.65
327.6668,4.9815,7.3,5.6
329.7655,4.9934,7.35,5.6
331.8925,4.9773,7.4,5.55
333.8266,4.9987,7.45,5.55
335.7607,4.9747,7.5,5.55
337.6804,4.9949,7.55,5.5
339.5718,4.9811,7.6,5.5
341.4354,4.9867,7.65,5.45
343.1894,4.9896,7.7,5.45
344.9866,4.9765,7.75,5.4
346.6742,4.9986,7.8,5.4
348.2086,4.98,7.85,5.4
349.7905,4.9842,7.9,5.35
351.5244,4.9958,7.95,5.35
353.2583,4.9757,8.0,5.35
354.611,4.9866,8.05,5.3
355.9162,4.9939,8.1,5.3
357.1828,4.9753,8.15,5.3
358.7172,4.9842,8.2,5.25
359.0592,4.9948,0.0,5.35
359.9731,4.998,8.25,5.25
