0.5426,4.9803,0.0,6.0
0.8766,4.9913,8.3,5.7
2.0349,4.9785,8.35,5.7
2.3883,4.9894,0.05,6.05
3.2724,4.98,8.4,5.65
4.1155,4.9908,0.1,6.05
4.3599,4.9925,8.45,5.65
5.4475,4.995,8.5,5.65
5.9464,4.9781,0.15,6.1
6.4384,4.9834,8.55,5.65
7.5084,4.9738,8.6,5.6
7.6587,4.997,0.2,6.1
8.6276,4.9849,8.65,5.6
9.3988,4.9839,0.25,6.1
9.7468,4.996,8.7,5.6
10.7942,4.9938,8.75,5.6
11.1254,4.9862,0.3,6.15
11.8417,4.9836,8.8,5.6
12.743,4.9736,8.85,5.6
12.8831,4.9943,0.35,6.15
13.7038,4.9812,8.9,5.55
14.6273,4.9761,0.4,6.2
14.6953,4.9908,8.95,5.55
15.6867,4.9996,9.0,5.55
16.4875,4.9943,0.45,6.2
16.6676,4.9909,9.05,5.55
17.6484,4.9822,9.1,5.55
18.3477,4.9876,0.5,6.2
18.5257,4.9737,9.15,5.55
19.4625,4.9797,9.2,5.5
20.0818,4.9826,0.55,6.25
20.3335,4.9883,9.25,5.5
21.2045,4.997,9.3,5.5
21.829,4.9954,9.35,5.5
21.843,4.9993,0.6,6.25
22.4536,4.9878,9.4,5.5
23.3482,4.9806,9.45,5.5
23.7755,4.981,0.65,6.25
24.2428,4.9735,9.5,5.5
24.9316,4.9767,9.55,5.45
25.5769,4.9836,9.6,5.45
25.6808,4.9894,0.7,6.3
26.3363,4.9902,9.65,5.45
27.0958,4.9968,9.7,5.45
27.7978,4.9929,0.75,6.3
27.8736,4.9967,9.75,5.45
28.6515,4.9902,9.8,5.45
29.3723,4.984,9.85,5.45
29.8745,4.9768,0.8,6.35
30.093,4.9778,9.9,5.45
31.7904,4.9943,0.85,6.35
33.7063,4.9883,0.9,6.35
35.6635,4.9812,0.95,6.4
37.6611,4.9987,1.0,6.4
39.5965,4.9843,1.05,6.4
41.4317,4.9859,1.1,6.45
43.5508,4.9972,1.15,6.45
45.67,4.9803,1.2,6.45
47.8872,4.9883,1.25,6.5
50.2047,4.9963,1.3,6.5
52.6582,4.981,1.35,6.5
54.9815,4.9876,1.4,6.55
57.5156,4.9974,1.45,6.55
60.0496,4.9824,1.5,6.55
62.3802,4.9849,1.55,6.6
64.8411,4.999,1.6,6.6
67.4263,4.9864,1.65,6.6
69.9978,4.982,1.7,6.65
72.7216,4.9942,1.75,6.65
75.4455,4.9936,1.8,6.65
78.2325,4.9816,1.85,6.65
81.0057,4.9844,1.9,6.7
83.7494,4.9953,1.95,6.7
86.4931,4.9938,2.0,6.7
89.3878,4.9838,2.05,6.7
92.1573,4.9816,2.1,6.75
95.0572,4.9908,2.15,6.75
97.9571,5.0,2.2,6.75
100.9956,4.9925,2.25,6.75
104.0341,4.9849,2.3,6.75
106.9242,4.978,2.35,6.8
109.9396,4.9855,2.4,6.8
112.9977,4.991,2.45,6.8
116.0558,4.9965,2.5,6.8
119.0506,4.9989,2.55,6.8
122.0453,4.9943,2.6,6.8
125.0327,4.991,2.65,6.8
128.02,4.9877,2.7,6.8
131.0527,4.9848,2.75,6.8
134.0855,4.9819,2.8,6.8
137.0146,4.98,2.85,6.8
139.9437,4.9781,2.9,6.8
143.0811,4.9789,2.95,6.85
146.0441,4.9803,3.0,6.85
148.9856,4.9802,3.05,6.85
151.9271,4.9802,3.1,6.85
154.5634,4.9802,3.15,6.85
157.1996,4.9802,3.2,6.85
159.9295,4.9795,3.25,6.85
162.6595,4.9787,3.3,6.85
165.2833,4.978,3.35,6.8
168.0815,4.979,3.4,6.8
171.0268,4.9801,3.45,6.8
173.9721,4.9812,3.5,6.8
177.0566,4.9827,3.55,6.8
180.141,4.9843,3.6,6.8
182.6963,4.9856,3.65,6.8
185.2516,4.9869,3.7,6.8
187.9038,4.988,3.75,6.8
190.5559,4.989,3.8,6.8
193.2037,4.9906,3.85,6.8
195.8514,4.9922,3.9,6.8
198.1916,4.9934,3.95,6.8
200.5317,4.9945,4.0,6.8
202.6932,4.9954,4.05,6.8
204.8547,4.9963,4.1,6.8
207.2086,4.9974,4.15,6.8
209.5624,4.9985,4.2,6.8
211.8481,4.9998,4.25,6.8
214.1339,4.999,4.3,6.8
216.5884,4.998,4.35,6.8
219.043,4.997,4.4,6.8
221.2878,4.9957,4.45,6.8
223.5326,4.9944,4.5,6.8
225.9804,4.9925,4.55,6.8
228.4282,4.9906,4.6,6.8
230.6969,4.989,4.65,6.8
232.9656,4.9873,4.7,6.8
235.0723,4.9843,4.75,6.8
237.1791,4.9813,4.8,6.8
239.3697,4.9779,4.85,6.8
241.6855,4.9808,4.9,6.75
243.7927,4.9846,4.95,6.75
245.9,4.9884,5.0,6.75
248.0117,4.9934,5.05,6.75
250.1233,4.9984,5.1,6.75
252.2768,4.9956,5.15,6.75
254.4302,4.9895,5.2,6.75
256.4885,4.9813,5.25,6.75
258.6721,4.9822,5.3,6.7
260.5484,4.9902,5.35,6.7
262.4247,4.9982,5.4,6.7
264.386,4.9922,5.45,6.7
266.3473,4.9825,5.5,6.7
268.4109,4.9824,5.55,6.65
270.4607,4.9934,5.6,6.65
272.5692,4.9947,5.65,6.65
274.6777,4.9828,5.7,6.65
276.6004,4.9845,5.75,6.6
278.5093,4.9979,5.8,6.6
280.4925,4.9882,5.85,6.6
282.606,4.979,5.9,6.55
284.5092,4.9941,5.95,6.55
286.4124,4.9907,6.0,6.55
288.5586,4.9789,6.05,6.5
290.5745,4.9953,6.1,6.5
292.3379,4.9875,6.15,6.5
294.2014,4.9829,6.2,6.45
296.0283,4.9991,6.25,6.45
297.8551,4.9812,6.3,6.45
299.8577,4.991,6.35,6.4
301.7601,4.9899,6.4,6.4
303.7018,4.9819,6.45,6.35
305.6031,4.9984,6.5,6.35
307.4246,4.9786,6.55,6.35
309.2865,4.9932,6.6,6.3
311.0622,4.9861,6.65,6.3
312.8652,4.9866,6.7,6.25
314.6276,4.9929,6.75,6.25
316.4171,4.9796,6.8,6.2
318.2043,4.9997,6.85,6.2
319.9915,4.9789,6.9,6.2
321.7215,4.993,6.95,6.15
323.4381,4.9861,7.0,6.15
325.1153,4.9858,7.05,6.1
326.779,4.9933,7.1,6.1
328.2881,4.9776,7.15,6.05
329.9158,4.9987,7.2,6.05
331.5378,4.9814,7.25,6.05
333.0413,4.9886,7.3,6.0
334.5881,4.9919,7.35,6.0
336.156,4.9763,7.4,5.95
337.5104,4.9956,7.45,5.95
338.8648,4.9852,7.5,5.95
340.3476,4.9823,7.55,5.9
341.8094,4.9989,7.6,5.9
343.4122,4.9811,7.65,5.9
344.8796,4.9845,7.7,5.85
346.5309,4.9984,7.75,5.85
348.1821,4.9812,7.8,5.85
349.4164,4.9827,7.85,5.8
350.7862,4.9989,7.9,5.8
352.2072,4.9855,7.95,5.8
353.507,4.9769,8.0,5.75
354.8424,4.992,8.05,5.75
356.1779,4.9929,8.1,5.75
357.5133,4.9791,8.15,5.75
358.7276,4.9813,8.2,5.7
359.8021,4.995,8.25,5.7
