0.1574,4.9784,8.2,5.6
1.5213,4.9793,8.25,5.55
1.5791,4.9986,0.05,5.65
2.7857,4.9915,8.3,5.55
3.6668,4.9839,0.1,5.65
4.1731,4.997,8.35,5.55
5.5604,4.9855,8.4,5.55
5.616,4.9768,0.15,5.7
6.8695,4.9743,8.45,5.55
7.6579,4.9911,0.2,5.7
8.278,4.9824,8.5,5.5
9.6326,4.9931,8.55,5.5
9.7952,4.9941,0.25,5.7
10.9872,4.9962,8.6,5.5
11.9325,4.9794,0.3,5.7
12.3214,4.9861,8.65,5.5
13.6556,4.976,8.7,5.5
13.9898,4.9836,0.35,5.75
14.6786,4.9781,8.75,5.45
15.7468,4.9877,8.8,5.45
15.9614,4.9984,0.4,5.75
16.8376,4.9971,8.85,5.45
17.9283,4.9934,8.9,5.45
18.0905,4.9878,0.45,5.75
18.9804,4.985,8.95,5.45
20.0324,4.9765,9.0,5.45
20.3052,4.9743,0.5,5.8
20.9984,4.9765,9.05,5.4
22.0095,4.985,9.1,5.4
22.4736,4.9892,0.55,5.8
22.8866,4.9928,9.15,5.4
23.7636,4.9994,9.2,5.4
24.5246,4.9916,9.25,5.4
24.642,4.9959,0.6,5.8
25.2856,4.9838,9.3,5.4
26.1978,4.9768,9.35,5.4
26.8003,4.981,0.65,5.8
27.2544,4.9734,9.4,5.35
28.2689,4.9801,9.45,5.35
28.9116,4.9829,0.7,5.85
29.2834,4.9868,9.5,5.35
30.0901,4.9932,9.55,5.35
30.8969,4.9996,9.6,5.35
31.0923,4.998,0.75,5.85
31.6041,4.9944,9.65,5.35
32.3114,4.9884,9.7,5.35
33.0624,4.9825,9.75,5.35
33.273,4.9868,0.8,5.85
33.8134,4.9766,9.8,5.35
34.749,4.9722,9.85,5.3
35.3414,4.9774,0.85,5.9
35.5402,4.9779,9.9,5.3
37.4569,4.9926,0.9,5.9
39.7201,4.9919,0.95,5.9
41.9833,4.9764,1.0,5.9
44.3533,4.9895,1.05,5.95
46.693,4.9944,1.1,5.95
49.0155,4.9781,1.15,5.95
51.3684,4.9879,1.2,6.0
53.8681,4.9957,1.25,6.0
56.3678,4.9794,1.3,6.0
58.7899,4.9863,1.35,6.05
61.3061,4.9975,1.4,6.05
63.6821,4.9811,1.45,6.05
65.9639,4.9847,1.5,6.1
68.3441,4.9982,1.55,6.1
70.7243,4.981,1.6,6.1
73.0109,4.9864,1.65,6.15
75.3607,4.9968,1.7,6.15
77.7652,4.9808,1.75,6.15
80.1065,4.986,1.8,6.2
82.6364,4.998,1.85,6.2
85.1664,4.982,1.9,6.2
87.6592,4.9857,1.95,6.25
90.1131,4.9985,2.0,6.25
92.5143,4.9831,2.05,6.25
94.9545,4.9841,2.1,6.3
97.4652,4.999,2.15,6.3
99.9759,4.9861,2.2,6.3
102.2262,4.9808,2.25,6.35
104.6337,4.9952,2.3,6.35
107.1913,4.9912,2.35,6.35
109.7488,4.9776,2.4,6.35
112.0838,4.9872,2.45,6.4
114.5761,4.9994,2.5,6.4
117.0911,4.9894,2.55,6.4
119.6061,4.9782,2.6,6.4
122.0724,4.986,2.65,6.45
124.6077,4.9963,2.7,6.45
127.1243,4.9953,2.75,6.45
129.641,4.9868,2.8,6.45
132.0689,4.9794,2.85,6.45
134.4278,4.9818,2.9,6.5
136.8142,4.9876,2.95,6.5
139.2005,4.9933,3.0,6.5
141.5817,4.9974,3.05,6.5
143.9629,4.9985,3.1,6.5
146.276,4.9957,3.15,6.5
148.5892,4.993,3.2,6.5
151.0187,4.9921,3.25,6.5
153.4482,4.9913,3.3,6.5
155.7033,4.9917,3.35,6.5
157.9584,4.992,3.4,6.5
160.3706,4.994,3.45,6.5
162.7828,4.996,3.5,6.5
165.1955,4.9993,3.55,6.5
167.6083,4.9974,3.6,6.5
169.9405,4.993,3.65,6.5
172.2727,4.9885,3.7,6.5
174.6266,4.9837,3.75,6.5
176.9806,4.9788,3.8,6.5
179.2672,4.9815,3.85,6.45
181.4849,4.988,3.9,6.45
183.8817,4.9947,3.95,6.45
186.2785,4.9986,4.0,6.45
188.6679,4.9913,4.05,6.45
191.0573,4.984,4.1,6.45
193.486,4.9774,4.15,6.4
195.8458,4.9849,4.2,6.4
198.0263,4.9928,4.25,6.4
200.2067,4.9993,4.3,6.4
202.5587,4.9917,4.35,6.4
204.9107,4.9841,4.4,6.4
207.1361,4.9763,4.45,6.4
209.5187,4.984,4.5,6.35
212.003,4.9915,4.55,6.35
214.4874,4.999,4.6,6.35
216.7529,4.9938,4.65,6.35
219.0183,4.9867,4.7,6.35
221.2884,4.9801,4.75,6.35
223.7156,4.9791,4.8,6.3
225.8357,4.9854,4.85,6.3
227.9557,4.9917,4.9,6.3
230.1766,4.9975,4.95,6.3
232.3974,4.9968,5.0,6.3
234.4576,4.9911,5.05,6.3
236.5177,4.9853,5.1,6.3
238.738,4.9797,5.15,6.3
240.9194,4.9779,5.2,6.25
243.0918,4.9836,5.25,6.25
245.2643,4.9894,5.3,6.25
247.3322,4.9943,5.35,6.25
249.4001,4.9992,5.4,6.25
251.5346,4.9949,5.45,6.25
253.6691,4.989,5.5,6.25
255.9323,4.9829,5.55,6.25
258.1956,4.9768,5.6,6.25
260.2939,4.9817,5.65,6.2
262.4311,4.9882,5.7,6.2
264.5984,4.9952,5.75,6.2
266.7657,4.9978,5.8,6.2
268.8767,4.9907,5.85,6.2
270.9877,4.9837,5.9,6.2
273.1294,4.9756,5.95,6.2
275.3343,4.9833,6.0,6.15
277.5194,4.9923,6.05,6.15
279.7044,4.9987,6.1,6.15
281.7365,4.9885,6.15,6.15
283.7686,4.9784,6.2,6.15
286.0181,4.9833,6.25,6.1
288.2044,4.9943,6.3,6.1
290.364,4.9946,6.35,6.1
292.5235,4.9834,6.4,6.1
294.7635,4.9789,6.45,6.05
296.9093,4.9917,6.5,6.05
299.0827,4.9956,6.55,6.05
301.2561,4.9829,6.6,6.05
303.4286,4.9803,6.65,6.0
305.5069,4.994,6.7,6.0
307.5551,4.9917,6.75,6.0
309.6033,4.9773,6.8,6.0
311.6874,4.9871,6.85,5.95
313.8018,4.9983,6.9,5.95
315.9407,4.9831,6.95,5.95
318.0491,4.9819,7.0,5.9
320.0094,4.9978,7.05,5.9
321.9698,4.9863,7.1,5.9
324.0489,4.9783,7.15,5.85
326.081,4.994,7.2,5.85
328.0461,4.9907,7.25,5.85
330.0112,4.9754,7.3,5.85
332.0151,4.9893,7.35,5.8
333.972,4.9951,7.4,5.8
335.698,4.9797,7.45,5.8
337.3385,4.9839,7.5,5.75
339.0694,4.9992,7.55,5.75
340.8003,4.9854,7.6,5.75
342.49,4.9776,7.65,5.7
344.2653,4.9924,7.7,5.7
346.0333,4.9928,7.75,5.7
347.8013,4.9779,7.8,5.7
349.5402,4.9825,7.85,5.65
351.1864,4.9965,7.9,5.65
352.5936,4.9895,7.95,5.65
354.0009,4.9754,8.0,5.65
355.6524,4.9837,8.05,5.6
357.2114,4.9965,8.1,5.6
358.6844,4.9909,8.15,5.6
359.4915,4.9868,0.0,5.65
