0.7982,4.9853,8.5,5.7
1.7276,4.9743,0.1,5.65
2.0739,4.975,8.55,5.65
3.2512,4.9889,8.6,5.65
3.4871,4.9856,0.15,5.7
4.4005,4.9975,8.65,5.65
5.345,4.9992,0.2,5.7
5.5498,4.9838,8.7,5.65
6.7751,4.9754,8.75,5.6
7.3381,4.9862,0.25,5.7
7.9021,4.9882,8.8,5.6
8.9996,4.9994,8.85,5.6
9.2406,4.9764,0.3,5.75
10.0971,4.9871,8.9,5.6
10.9911,4.9757,8.95,5.6
11.1311,4.9913,0.35,5.75
12.0661,4.9809,9.0,5.55
13.0217,4.9938,0.4,5.75
13.1998,4.9916,9.05,5.55
14.3334,4.9977,9.1,5.55
14.8195,4.978,0.45,5.75
15.2168,4.9869,9.15,5.55
16.1001,4.9761,9.2,5.55
16.5267,4.9857,0.5,5.8
17.0138,4.9789,9.25,5.5
17.7463,4.9886,9.3,5.5
18.4516,4.9979,9.35,5.5
18.5458,4.9986,0.55,5.8
19.1568,4.9928,9.4,5.5
19.933,4.9839,9.45,5.5
20.5649,4.9829,0.6,5.8
20.7093,4.975,9.5,5.5
21.655,4.9776,9.55,5.45
22.3526,4.9859,9.6,5.45
22.5149,4.9812,0.65,5.85
22.9993,4.994,9.65,5.45
23.646,4.9979,9.7,5.45
24.2879,4.9901,9.75,5.45
24.5322,4.9965,0.7,5.85
24.9298,4.9823,9.8,5.45
25.5988,4.9749,9.85,5.45
26.4662,4.9863,0.75,5.85
26.516,4.9768,9.9,5.4
28.333,4.9795,0.8,5.9
30.2138,4.9977,0.85,5.9
32.0946,4.9841,0.9,5.9
33.8237,4.9829,0.95,5.95
35.6475,4.9993,1.0,5.95
37.6391,4.9812,1.05,5.95
39.5361,4.9863,1.1,6.0
41.4875,4.9947,1.15,6.0
43.439,4.9757,1.2,6.0
45.3384,4.9938,1.25,6.05
47.2092,4.9864,1.3,6.05
49.2491,4.9835,1.35,6.1
51.2603,4.9962,1.4,6.1
53.2746,4.9762,1.45,6.1
55.1299,4.9945,1.5,6.15
57.2417,4.9855,1.55,6.15
59.1946,4.985,1.6,6.2
61.1839,4.9945,1.65,6.2
63.2163,4.9772,1.7,6.25
65.2418,4.9971,1.75,6.25
67.2674,4.9829,1.8,6.25
69.4093,4.9875,1.85,6.3
71.5082,4.9933,1.9,6.3
73.3436,4.9779,1.95,6.35
75.31,4.9968,2.0,6.35
77.2952,4.9849,2.05,6.35
79.1493,4.9857,2.1,6.4
81.1551,4.9968,2.15,6.4
83.1609,4.9793,2.2,6.4
85.0132,4.9909,2.25,6.45
87.0129,4.993,2.3,6.45
89.0838,4.9782,2.35,6.45
91.0074,4.9905,2.4,6.5
93.1207,4.996,2.45,6.5
95.2341,4.9826,2.5,6.5
97.0878,4.9753,2.55,6.55
98.9638,4.9866,2.6,6.55
101.1255,4.9958,2.65,6.55
103.2872,4.995,2.7,6.55
105.5265,4.9873,2.75,6.55
107.7658,4.9797,2.8,6.55
109.9531,4.9742,2.85,6.55
112.118,4.978,2.9,6.6
114.1475,4.9815,2.95,6.6
116.1769,4.9851,3.0,6.6
118.2328,4.9866,3.05,6.6
120.2887,4.9881,3.1,6.6
122.4458,4.9869,3.15,6.6
124.603,4.9858,3.2,6.6
126.7035,4.9835,3.25,6.6
128.8041,4.9813,3.3,6.6
130.8666,4.9765,3.35,6.6
132.9515,4.975,3.4,6.55
135.2744,4.9808,3.45,6.55
137.5972,4.9866,3.5,6.55
139.7794,4.9935,3.55,6.55
141.9615,4.9995,3.6,6.55
144.3552,4.9921,3.65,6.55
146.7489,4.9847,3.7,6.55
148.9513,4.9761,3.75,6.55
151.176,4.979,3.8,6.5
153.4776,4.9872,3.85,6.5
155.7792,4.9955,3.9,6.5
158.1557,4.9964,3.95,6.5
160.5322,4.9883,4.0,6.5
162.617,4.9812,4.05,6.5
164.8491,4.9799,4.1,6.45
167.1381,4.9868,4.15,6.45
169.4271,4.9936,4.2,6.45
171.6165,4.999,4.25,6.45
173.806,4.9955,4.3,6.45
176.1721,4.9915,4.35,6.45
178.5381,4.9874,4.4,6.45
180.8835,4.9847,4.45,6.45
183.2289,4.9821,4.5,6.45
185.6437,4.9809,4.55,6.45
188.0586,4.9797,4.6,6.45
190.5641,4.9799,4.65,6.45
193.0695,4.9801,4.7,6.45
195.4986,4.981,4.75,6.45
197.9277,4.982,4.8,6.45
200.3574,4.9846,4.85,6.45
202.7871,4.9873,4.9,6.45
205.3038,4.9911,4.95,6.45
207.8204,4.995,5.0,6.45
210.1773,4.9986,5.05,6.45
212.5343,4.9977,5.1,6.45
214.9003,4.9932,5.15,6.45
217.2663,4.9887,5.2,6.45
219.8201,4.9838,5.25,6.45
222.374,4.979,5.3,6.45
224.5984,4.9792,5.35,6.5
226.9702,4.9834,5.4,6.5
229.4399,4.9873,5.45,6.5
231.9096,4.9912,5.5,6.5
234.4167,4.9941,5.55,6.5
236.9239,4.997,5.6,6.5
239.3419,4.9989,5.65,6.5
241.76,4.9993,5.7,6.5
244.3419,4.9988,5.75,6.5
246.9237,4.9983,5.8,6.5
249.4235,4.9993,5.85,6.5
251.9234,4.9996,5.9,6.5
254.4977,4.9972,5.95,6.5
257.072,4.9948,6.0,6.5
259.7624,4.9902,6.05,6.5
262.4528,4.9857,6.1,6.5
264.9426,4.9795,6.15,6.5
267.5797,4.9806,6.2,6.45
270.1317,4.9886,6.25,6.45
272.6837,4.9966,6.3,6.45
275.2602,4.9933,6.35,6.45
277.8367,4.9831,6.4,6.45
280.3593,4.9824,6.45,6.4
282.7346,4.9939,6.5,6.4
285.4117,4.9925,6.55,6.4
288.0888,4.9789,6.6,6.4
290.7329,4.9886,6.65,6.35
293.246,4.9963,6.7,6.35
295.7222,4.9802,6.75,6.35
298.3296,4.9881,6.8,6.3
300.7933,4.9947,6.85,6.3
303.257,4.9775,6.9,6.3
305.4476,4.9925,6.95,6.25
307.6813,4.9889,7.0,6.25
310.1447,4.9817,7.05,6.2
312.6511,4.999,7.1,6.2
314.896,4.9795,7.15,6.2
317.2997,4.9905,7.2,6.15
319.3949,4.9889,7.25,6.15
321.6489,4.9822,7.3,6.1
323.8383,4.997,7.35,6.1
326.0276,4.9762,7.4,6.1
327.8991,4.9938,7.45,6.05
329.7994,4.9859,7.5,6.05
331.6414,4.9843,7.55,6.0
333.512,4.995,7.6,6.0
335.3223,4.9749,7.65,6.0
337.2272,4.9945,7.7,5.95
338.9817,4.9858,7.75,5.95
340.8309,4.9832,7.8,5.9
342.5674,4.9975,7.85,5.9
344.3039,4.9781,7.9,5.9
345.8882,4.9891,7.95,5.85
347.4052,4.9923,8.0,5.85
348.9725,4.9749,8.05,5.85
350.6071,4.9912,8.1,5.8
352.1094,4.9919,8.15,5.8
353.6118,4.975,8.2,5.8
354.7861,4.9893,8.25,5.75
355.8699,4.9943,8.3,5.75
357.1617,4.9785,8.35,5.75
357.5681,4.9983,0.0,5.65
358.544,4.9852,8.4,5.7
359.6479,4.988,0.05,5.65
359.6711,5.0,8.45,5.7
