0.6448,4.986,8.45,5.65
1.7375,4.9807,0.1,5.75
1.8398,4.9742,8.5,5.6
2.8403,4.9882,8.55,5.6
3.4716,4.984,0.15,5.8
3.8407,4.9979,8.6,5.6
4.8979,4.9846,8.65,5.6
5.3111,4.9982,0.2,5.8
6.0873,4.9742,8.7,5.55
6.8114,4.9868,8.75,5.55
7.1253,4.9797,0.25,5.8
7.5354,4.9993,8.8,5.55
8.3862,4.989,8.85,5.55
8.9437,4.9875,0.3,5.85
9.2369,4.9774,8.9,5.55
10.1305,4.979,8.95,5.5
10.7748,4.9934,0.35,5.85
10.8919,4.9899,9.0,5.5
11.7134,4.9995,9.05,5.5
12.535,4.9888,9.1,5.5
12.61,4.9743,0.4,5.9
13.3387,4.9788,9.15,5.5
14.1749,4.9741,9.2,5.45
14.3005,4.9938,0.45,5.9
14.8997,4.9835,9.25,5.45
15.6246,4.9929,9.3,5.45
15.991,4.9868,0.5,5.9
16.2675,4.9982,9.35,5.45
16.9104,4.9893,9.4,5.45
17.5551,4.9806,9.45,5.45
17.5714,4.9828,0.55,5.95
18.1997,4.9718,9.5,5.45
18.8397,4.9788,9.55,5.4
19.2299,4.9971,0.6,5.95
19.4471,4.9866,9.6,5.4
20.0916,4.9946,9.65,5.4
20.7361,4.9973,9.7,5.4
20.984,4.9763,0.65,5.95
21.1672,4.9903,9.75,5.4
21.5982,4.9833,9.8,5.4
22.0835,4.9765,9.85,5.4
22.6601,4.994,0.7,6.0
22.7568,4.9731,9.9,5.35
24.4407,4.9845,0.75,6.0
26.1965,4.9867,0.8,6.05
27.8528,4.9922,0.85,6.05
29.4842,4.9785,0.9,6.1
31.1783,4.9998,0.95,6.1
32.8725,4.978,1.0,6.1
34.6603,4.9943,1.05,6.15
36.4436,4.9837,1.1,6.15
38.292,4.9885,1.15,6.2
40.1359,4.9895,1.2,6.2
41.6772,4.9838,1.25,6.25
43.3703,4.9942,1.3,6.25
45.1728,4.9794,1.35,6.3
47.1269,4.9983,1.4,6.3
48.8991,4.9769,1.45,6.3
50.5921,4.996,1.5,6.35
52.3181,4.9821,1.55,6.35
53.9649,4.9914,1.6,6.4
55.7813,4.9875,1.65,6.4
57.4069,4.9871,1.7,6.45
59.1938,4.9927,1.75,6.45
60.79,4.9809,1.8,6.5
62.7089,4.9997,1.85,6.5
64.6277,4.9815,1.9,6.5
66.422,4.9905,1.95,6.55
68.3403,4.9911,2.0,6.55
70.1341,4.9799,2.05,6.6
72.0519,4.9972,2.1,6.6
73.9042,4.987,2.15,6.6
75.634,4.9835,2.2,6.65
77.4469,4.9981,2.25,6.65
79.2598,4.9873,2.3,6.65
81.0073,4.9798,2.35,6.7
82.8773,4.9922,2.4,6.7
84.8545,4.9974,2.45,6.7
86.8317,4.987,2.5,6.7
88.8244,4.9783,2.55,6.7
90.5169,4.9855,2.6,6.75
92.4223,4.9917,2.65,6.75
94.3276,4.9978,2.7,6.75
96.2126,4.9977,2.75,6.75
98.0975,4.9932,2.8,6.75
100.0789,4.9911,2.85,6.75
102.0602,4.9889,2.9,6.75
104.192,4.9893,2.95,6.75
106.3237,4.9897,3.0,6.75
108.4159,4.9909,3.05,6.75
110.5081,4.9921,3.1,6.75
112.6157,4.9961,3.15,6.75
114.7233,4.9999,3.2,6.75
116.8344,4.995,3.25,6.75
118.9455,4.9901,3.3,6.75
121.183,4.9847,3.35,6.75
123.4205,4.9793,3.4,6.75
125.9645,4.983,3.45,6.7
128.2084,4.9903,3.5,6.7
130.3862,4.9974,3.55,6.7
132.564,4.9955,3.6,6.7
134.8136,4.9886,3.65,6.7
137.0633,4.9817,3.7,6.7
139.3693,4.9802,3.75,6.65
141.5527,4.9875,3.8,6.65
143.8969,4.9943,3.85,6.65
146.241,4.9989,3.9,6.65
148.6288,4.9937,3.95,6.65
151.0165,4.9884,4.0,6.65
153.5312,4.9836,4.05,6.65
156.0459,4.9788,4.1,6.65
158.8122,4.9796,4.15,6.6
161.4559,4.9832,4.2,6.6
163.8997,4.9852,4.25,6.6
166.3435,4.9872,4.3,6.6
168.6751,4.9881,4.35,6.6
171.0067,4.9891,4.4,6.6
173.299,4.9893,4.45,6.6
175.5913,4.9894,4.5,6.6
178.04,4.9882,4.55,6.6
180.4886,4.987,4.6,6.6
183.0697,4.9845,4.65,6.6
185.6508,4.9821,4.7,6.6
188.2334,4.9793,4.75,6.6
190.6934,4.9782,4.8,6.65
193.2535,4.982,4.85,6.65
195.8136,4.9858,4.9,6.65
198.4676,4.9891,4.95,6.65
201.1216,4.9925,5.0,6.65
203.7318,4.9956,5.05,6.65
206.342,4.9987,5.1,6.65
209.2363,4.9984,5.15,6.65
212.1306,4.9956,5.2,6.65
214.8716,4.9931,5.25,6.65
217.6126,4.9907,5.3,6.65
220.2203,4.99,5.35,6.65
222.8279,4.9893,5.4,6.65
225.7605,4.9898,5.45,6.65
228.693,4.9904,5.5,6.65
231.4885,4.9923,5.55,6.65
234.2839,4.9941,5.6,6.65
237.283,4.9979,5.65,6.65
240.2822,4.9983,5.7,6.65
243.2059,4.9926,5.75,6.65
246.1297,4.9869,5.8,6.65
248.9404,4.9798,5.85,6.65
251.8736,4.982,5.9,6.6
254.7843,4.9916,5.95,6.6
257.695,4.9987,6.0,6.6
260.7172,4.9876,6.05,6.6
263.8634,4.9771,6.1,6.55
266.6918,4.9901,6.15,6.55
269.5202,4.9969,6.2,6.55
272.4838,4.9819,6.25,6.55
275.5712,4.9868,6.3,6.5
278.358,4.9966,6.35,6.5
281.1448,4.98,6.4,6.5
284.1056,4.991,6.45,6.45
286.8756,4.9914,6.5,6.45
289.7137,4.9818,6.55,6.4
292.361,4.9984,6.6,6.4
294.835,4.9775,6.65,6.4
297.3883,4.995,6.7,6.35
300.0673,4.9834,6.75,6.35
302.8256,4.9897,6.8,6.3
305.2444,4.988,6.85,6.3
307.8148,4.9857,6.9,6.25
310.2051,4.9912,6.95,6.25
312.7471,4.9833,7.0,6.2
315.0928,4.9932,7.05,6.2
317.434,4.9806,7.1,6.15
319.4298,4.9956,7.15,6.15
321.4212,4.9784,7.2,6.1
323.4275,4.9979,7.25,6.1
325.4587,4.9755,7.3,6.05
327.4096,4.999,7.35,6.05
329.3606,4.9774,7.4,6.05
331.1023,4.9955,7.45,6.0
332.8191,4.9813,7.5,6.0
334.7411,4.9911,7.55,5.95
336.585,4.9861,7.6,5.95
338.2765,4.9851,7.65,5.9
339.8898,4.9932,7.7,5.9
341.4054,4.9763,7.75,5.85
342.9251,4.9973,7.8,5.85
344.4759,4.9823,7.85,5.85
346.0226,4.9867,7.9,5.8
347.4222,4.9944,7.95,5.8
348.8217,4.9755,8.0,5.8
350.2399,4.9894,8.05,5.75
351.5527,4.9925,8.1,5.75
352.8643,4.9752,8.15,5.75
354.2813,4.989,8.2,5.7
355.5014,4.9946,8.25,5.7
356.7216,4.9782,8.3,5.7
358.1663,4.983,8.35,5.65
358.2192,4.985,0.0,5.75
359.5304,4.9989,8.4,5.65
359.9784,4.9978,0.05,5.75
