0.6428,4.9892,0.05,5.5
1.1484,4.9774,8.35,5.5
2.4726,4.9939,0.1,5.5
2.4998,4.9802,8.4,5.45
3.5776,4.9946,8.45,5.45
4.2515,4.9758,0.15,5.5
4.6553,4.9911,8.5,5.45
5.5849,4.9781,8.55,5.45
5.8303,4.9877,0.2,5.55
6.6642,4.9781,8.6,5.4
7.5826,4.9942,0.25,5.55
7.6692,4.9907,8.65,5.4
8.6742,4.9967,8.7,5.4
9.335,4.9761,0.3,5.55
9.5478,4.9848,8.75,5.4
10.4215,4.9728,8.8,5.4
10.9246,4.9878,0.35,5.6
11.2577,4.9806,8.85,5.35
12.0795,4.9915,8.9,5.35
12.7143,4.9937,0.4,5.6
12.9577,4.9977,8.95,5.35
13.836,4.9869,9.0,5.35
14.3446,4.9746,0.45,5.6
14.6382,4.9769,9.05,5.35
15.4547,4.9756,9.1,5.3
15.7349,4.991,0.5,5.65
16.358,4.985,9.15,5.3
17.2612,4.9945,9.2,5.3
17.4196,4.9896,0.55,5.65
17.9981,4.9962,9.25,5.3
18.735,4.9869,9.3,5.3
18.8643,4.9763,0.6,5.7
19.3713,4.9783,9.35,5.3
20.2316,4.9706,9.4,5.25
20.517,4.9964,0.65,5.7
20.8396,4.9788,9.45,5.25
21.4477,4.9869,9.5,5.25
21.8978,4.9949,9.55,5.25
22.1696,4.9835,0.7,5.7
22.348,4.9971,9.6,5.25
22.8293,4.9895,9.65,5.25
23.3105,4.9819,9.7,5.25
23.6649,4.975,9.75,5.25
23.8894,4.9844,0.75,5.75
24.2432,4.9724,9.8,5.2
24.6938,4.979,9.85,5.2
25.1445,4.9856,9.9,5.2
25.6565,4.9952,0.8,5.75
27.4127,4.9748,0.85,5.75
29.1216,4.993,0.9,5.8
30.8981,4.9858,0.95,5.8
32.5649,4.9828,1.0,5.85
34.3818,4.9956,1.05,5.85
36.1987,4.974,1.1,5.85
37.9013,4.9957,1.15,5.9
39.7135,4.9819,1.2,5.9
41.4158,4.9888,1.25,5.95
43.2218,4.9892,1.3,5.95
44.9588,4.9818,1.35,6.0
46.7995,4.9958,1.4,6.0
48.3644,4.9761,1.45,6.05
50.1032,4.9986,1.5,6.05
51.9921,4.9796,1.55,6.05
53.7071,4.9915,1.6,6.1
55.6275,4.9868,1.65,6.1
57.3524,4.985,1.7,6.15
59.1986,4.9941,1.75,6.15
60.8492,4.9769,1.8,6.2
62.5806,4.9963,1.85,6.2
64.3119,4.9842,1.9,6.2
66.3544,4.9866,1.95,6.25
68.4263,4.9944,2.0,6.25
70.3934,4.9765,2.05,6.25
72.3311,4.9932,2.1,6.3
74.3709,4.9906,2.15,6.3
76.8763,4.9779,2.2,6.35
78.8134,4.9928,2.25,6.35
80.7504,4.9923,2.3,6.35
82.5726,4.9791,2.35,6.35
84.8604,4.9865,2.4,6.4
86.8284,4.9978,2.45,6.4
88.7963,4.9909,2.5,6.4
90.8401,4.9819,2.55,6.4
92.9526,4.9805,2.6,6.45
94.8879,4.9875,2.65,6.45
96.8232,4.9945,2.7,6.45
98.9366,4.9996,2.75,6.45
101.05,4.9953,2.8,6.45
103.1374,4.9921,2.85,6.45
105.2247,4.989,2.9,6.45
107.3081,4.9879,2.95,6.45
109.3914,4.9868,3.0,6.45
111.7935,4.9872,3.05,6.45
114.1955,4.9877,3.1,6.45
116.389,4.9902,3.15,6.45
118.5824,4.9926,3.2,6.45
120.6699,4.996,3.25,6.45
122.7574,4.9994,3.3,6.45
124.7578,4.9958,3.35,6.45
126.7582,4.9909,3.4,6.45
128.7191,4.9854,3.45,6.45
130.68,4.9798,3.5,6.45
132.787,4.9798,3.55,6.4
134.9627,4.986,3.6,6.4
137.2989,4.9927,3.65,6.4
139.6351,4.9995,3.7,6.4
141.9999,4.9946,3.75,6.4
144.3646,4.9886,3.8,6.4
146.736,4.9827,3.85,6.4
149.1073,4.9769,3.9,6.4
151.0743,4.9807,3.95,6.35
153.5069,4.986,4.0,6.35
155.9333,4.9903,4.05,6.35
158.3597,4.9947,4.1,6.35
160.9557,4.9983,4.15,6.35
163.5517,4.9981,4.2,6.35
166.0699,4.9956,4.25,6.35
168.5882,4.9931,4.3,6.35
171.2218,4.9921,4.35,6.35
173.8554,4.9912,4.4,6.35
176.4566,4.9909,4.45,6.35
179.0577,4.9906,4.5,6.35
181.6971,4.9921,4.55,6.35
184.3365,4.9937,4.6,6.35
187.06,4.995,4.65,6.35
189.7836,4.9964,4.7,6.35
192.4932,4.999,4.75,6.35
195.2028,4.9984,4.8,6.35
197.9526,4.9956,4.85,6.35
200.7025,4.9928,4.9,6.35
203.5656,4.9891,4.95,6.35
206.4288,4.9855,5.0,6.35
209.2935,4.9831,5.05,6.35
212.1582,4.9807,5.1,6.35
215.0781,4.9785,5.15,6.35
217.9979,4.9762,5.2,6.35
221.3373,4.9776,5.25,6.4
224.211,4.9791,5.3,6.4
227.0578,4.9798,5.35,6.4
229.9045,4.9805,5.4,6.4
232.7921,4.9797,5.45,6.4
235.6797,4.979,5.5,6.4
238.4626,4.9768,5.55,6.4
240.7799,4.9777,5.6,6.35
243.7691,4.9809,5.65,6.35
246.7584,4.9841,5.7,6.35
249.6511,4.9895,5.75,6.35
252.5439,4.9949,5.8,6.35
255.4715,4.9976,5.85,6.35
258.3992,4.9901,5.9,6.35
261.3059,4.9816,5.95,6.35
263.7471,4.9793,6.0,6.3
266.7046,4.9902,6.05,6.3
269.6622,4.9989,6.1,6.3
272.4869,4.9863,6.15,6.3
275.3412,4.978,6.2,6.25
278.2319,4.992,6.25,6.25
281.1226,4.994,6.3,6.25
283.9454,4.9782,6.35,6.25
286.7978,4.9893,6.4,6.2
289.4361,4.9933,6.45,6.2
292.0744,4.976,6.5,6.2
294.9092,4.9931,6.55,6.15
297.5485,4.9879,6.6,6.15
300.0829,4.9813,6.65,6.1
302.4218,4.9996,6.7,6.1
304.8447,4.979,6.75,6.1
307.4417,4.9909,6.8,6.05
309.7152,4.9874,6.85,6.05
312.1628,4.9836,6.9,6.0
314.4115,4.9945,6.95,6.0
316.7639,4.9759,7.0,5.95
319.0218,4.9979,7.05,5.95
321.2796,4.9802,7.1,5.95
323.356,4.9905,7.15,5.9
325.3287,4.9873,7.2,5.9
327.4758,4.9821,7.25,5.85
329.5132,4.9959,7.3,5.85
331.4628,4.974,7.35,5.85
333.5221,4.9953,7.4,5.8
335.2365,4.9837,7.45,5.8
336.9982,4.9847,7.5,5.75
338.5796,4.9947,7.55,5.75
340.1611,4.9742,7.6,5.75
341.6198,4.9935,7.65,5.7
343.0313,4.9862,7.7,5.7
344.6278,4.9799,7.75,5.65
345.9843,4.9995,7.8,5.65
347.5453,4.9819,7.85,5.65
349.3462,4.9832,7.9,5.6
350.6451,4.9991,7.95,5.6
351.9439,4.9814,8.0,5.6
353.5327,4.9813,8.05,5.55
354.9213,4.9987,8.1,5.55
356.125,4.9849,8.15,5.55
357.5289,4.977,8.2,5.5
358.7378,4.9926,8.25,5.5
358.8131,4.9723,0.0,5.5
359.9466,4.9918,8.3,5.5
