0.8635,4.978,0.1,6.15
0.9093,4.9851,8.6,5.9
2.0275,4.9985,8.65,5.9
2.8543,4.9951,0.15,6.15
3.1458,4.9882,8.7,5.9
4.1543,4.9757,8.75,5.9
4.8452,4.9877,0.2,6.15
5.3307,4.9846,8.8,5.85
6.2936,4.9972,8.85,5.85
6.8802,4.9812,0.25,6.2
7.2566,4.9901,8.9,5.85
8.1377,4.9793,8.95,5.85
8.8967,4.999,0.3,6.2
9.1866,4.9793,9.0,5.8
10.2287,4.9899,9.05,5.8
10.9655,4.9833,0.35,6.2
11.2709,4.9995,9.1,5.8
12.1008,4.9895,9.15,5.8
12.9223,4.9867,0.4,6.25
12.9307,4.9794,9.2,5.8
14.0489,4.9772,9.25,5.75
14.915,4.9961,0.45,6.25
14.9875,4.987,9.3,5.75
15.8223,4.9962,9.35,5.75
16.6571,4.9947,9.4,5.75
16.9077,4.9789,0.5,6.25
17.5264,4.9862,9.45,5.75
18.3957,4.9776,9.5,5.75
18.8507,4.9917,0.55,6.3
19.3667,4.9776,9.55,5.7
20.1579,4.986,9.6,5.7
20.6496,4.9938,9.65,5.7
20.9057,4.99,0.6,6.3
21.1414,4.9984,9.7,5.7
21.7201,4.991,9.75,5.7
22.2987,4.9835,9.8,5.7
22.8523,4.9765,9.85,5.7
22.9389,4.9801,0.65,6.35
23.5795,4.9765,9.9,5.65
24.9129,4.9979,0.7,6.35
26.9089,4.9824,0.75,6.35
28.9642,4.9896,0.8,6.4
30.8484,4.9917,0.85,6.4
32.7134,4.9802,0.9,6.45
34.6591,4.9996,0.95,6.45
36.6048,4.9811,1.0,6.45
38.5677,4.9915,1.05,6.5
40.55,4.9892,1.1,6.5
42.2593,4.9842,1.15,6.55
44.143,4.9959,1.2,6.55
45.8128,4.9774,1.25,6.6
47.657,4.9973,1.3,6.6
49.5914,4.9827,1.35,6.6
51.5231,4.9912,1.4,6.65
53.4947,4.9887,1.45,6.65
55.4636,4.9852,1.5,6.7
57.3597,4.9946,1.55,6.7
59.2133,4.9805,1.6,6.75
61.1781,4.9998,1.65,6.75
63.1428,4.98,1.7,6.75
65.0554,4.9936,1.75,6.8
67.0104,4.9878,1.8,6.8
68.8141,4.9864,1.85,6.85
70.6897,4.9956,1.9,6.85
72.6818,4.9784,1.95,6.85
74.602,4.9951,2.0,6.9
76.5616,4.9875,2.05,6.9
78.5424,4.9859,2.1,6.95
80.5454,4.9979,2.15,6.95
82.5485,4.9817,2.2,6.95
84.6218,4.9893,2.25,7.0
86.6739,4.9958,2.3,7.0
88.6547,4.9825,2.35,7.0
90.654,4.9881,2.4,7.05
92.5596,4.9997,2.45,7.05
94.4651,4.9886,2.5,7.05
96.4768,4.9795,2.55,7.05
98.507,4.9871,2.6,7.1
100.4181,4.9953,2.65,7.1
102.3291,4.9964,2.7,7.1
104.282,4.9905,2.75,7.1
106.235,4.9846,2.8,7.1
108.2369,4.9809,2.85,7.1
110.3154,4.9804,2.9,7.15
112.2262,4.9829,2.95,7.15
114.137,4.9853,3.0,7.15
116.1711,4.9848,3.05,7.15
118.2052,4.9843,3.1,7.15
120.3612,4.983,3.15,7.15
122.5173,4.9817,3.2,7.15
124.4587,4.9791,3.25,7.1
126.4765,4.9824,3.3,7.1
128.7319,4.9871,3.35,7.1
130.9873,4.9918,3.4,7.1
132.9569,4.9971,3.45,7.1
134.9264,4.9977,3.5,7.1
137.0992,4.9909,3.55,7.1
139.272,4.984,3.6,7.1
141.3317,4.9797,3.65,7.05
143.4098,4.986,3.7,7.05
145.5813,4.9934,3.75,7.05
147.7528,4.9992,3.8,7.05
149.9731,4.9922,3.85,7.05
152.1935,4.9853,3.9,7.05
154.3108,4.9788,3.95,7.0
156.4466,4.9854,4.0,7.0
158.5189,4.9915,4.05,7.0
160.5912,4.9976,4.1,7.0
162.6883,4.9965,4.15,7.0
164.7853,4.9906,4.2,7.0
167.2066,4.9859,4.25,7.0
169.628,4.9811,4.3,7.0
171.968,4.9781,4.35,6.95
174.3292,4.9814,4.4,6.95
176.6913,4.9844,4.45,6.95
179.0533,4.9875,4.5,6.95
181.5915,4.9896,4.55,6.95
184.1297,4.9917,4.6,6.95
186.481,4.9926,4.65,6.95
188.8323,4.9936,4.7,6.95
191.1839,4.994,4.75,6.95
193.5354,4.9945,4.8,6.95
195.8109,4.9942,4.85,6.95
198.0864,4.9939,4.9,6.95
200.4923,4.9933,4.95,6.95
202.8982,4.9927,5.0,6.95
205.4322,4.9925,5.05,6.95
207.9663,4.9922,5.1,6.95
210.4234,4.9917,5.15,6.95
212.8805,4.9912,5.2,6.95
215.4586,4.992,5.25,6.95
218.0368,4.9927,5.3,6.95
220.4438,4.993,5.35,6.95
222.8507,4.9933,5.4,6.95
225.1339,4.9949,5.45,6.95
227.4171,4.9965,5.5,6.95
229.9563,4.9993,5.55,6.95
232.4954,4.9979,5.6,6.95
235.0529,4.9934,5.65,6.95
237.6105,4.9889,5.7,6.95
240.0485,4.9831,5.75,6.95
242.4653,4.9788,5.8,6.9
244.8945,4.9857,5.85,6.9
247.3237,4.9926,5.9,6.9
249.8286,4.9988,5.95,6.9
252.3334,4.9901,6.0,6.9
254.8768,4.9796,6.05,6.9
257.492,4.9872,6.1,6.85
260.0258,4.9983,6.15,6.85
262.5596,4.9905,6.2,6.85
265.1669,4.9792,6.25,6.8
267.7024,4.9926,6.3,6.8
270.2812,4.9929,6.35,6.8
272.86,4.9784,6.4,6.8
275.6261,4.9927,6.45,6.75
278.3498,4.9911,6.5,6.75
281.0162,4.9811,6.55,6.7
283.6402,4.9985,6.6,6.7
286.1998,4.983,6.65,6.7
288.7621,4.9891,6.7,6.65
291.2233,4.9911,6.75,6.65
293.6873,4.9824,6.8,6.6
296.1316,4.9968,6.85,6.6
298.7504,4.9774,6.9,6.55
301.2928,4.9979,6.95,6.55
303.8352,4.9816,7.0,6.55
306.3638,4.9928,7.05,6.5
308.7179,4.9862,7.1,6.5
311.1413,4.9883,7.15,6.45
313.5452,4.9905,7.2,6.45
315.7587,4.984,7.25,6.4
317.9528,4.9948,7.3,6.4
320.0816,4.9791,7.35,6.35
322.2696,4.9993,7.4,6.35
324.3044,4.9789,7.45,6.35
326.28,4.9939,7.5,6.3
328.1893,4.9857,7.55,6.3
330.2105,4.9869,7.6,6.25
332.1993,4.9927,7.65,6.25
334.3001,4.9799,7.7,6.2
336.1173,4.9995,7.75,6.2
337.9346,4.9809,7.8,6.2
339.716,4.9898,7.85,6.15
341.516,4.9906,7.9,6.15
343.1542,4.979,7.95,6.1
344.8108,4.9975,8.0,6.1
346.3542,4.9849,8.05,6.1
348.0551,4.9824,8.1,6.05
349.4572,4.9994,8.15,6.05
350.8594,4.9836,8.2,6.05
352.2974,4.9825,8.25,6.0
353.5779,4.9989,8.3,6.0
354.8384,4.9858,8.35,6.0
356.09,4.9787,8.4,5.95
356.5509,4.9932,0.0,6.1
357.2759,4.9931,8.45,5.95
358.4619,4.9925,8.5,5.95
358.6979,4.9899,0.05,6.1
359.6901,4.9783,8.55,5.95
